4 0.694346 0.069370 0.611307 0.031944
2 0.171477 0.519394 0.007380 0.012639
1 0.955924 0.451824 0.021422 0.076296
0 0.985482 0.249944 0.015474 0.058667
1 0.992326 0.309505 0.015349 0.059880
0 0.685250 0.556106 0.026604 0.084380
0 0.683255 0.343537 0.020990 0.065667
1 0.566120 0.403972 0.024063 0.060907
1 0.643245 0.367884 0.022885 0.066269
0 0.526401 0.355046 0.026740 0.065167
0 0.495938 0.408986 0.018437 0.071972
0 0.476206 0.427495 0.025380 0.077139
1 0.531380 0.561648 0.027042 0.079667
0 0.429964 0.630347 0.031760 0.087546
10 0.336122 0.508162 0.041505 0.057380
6 0.224898 0.443264 0.119380 0.246417
8 0.433732 0.592972 0.651911 0.811759
