4 0.500000 0.061380 1.000000 0.006111
0 0.086156 0.197245 0.031292 0.064194
0 0.227789 0.417653 0.033703 0.079880
0 0.268714 0.346324 0.025677 0.065630
0 0.398708 0.765023 0.044937 0.089880
0 0.452073 0.351319 0.020062 0.061343
0 0.453276 0.253597 0.027281 0.057065
0 0.694812 0.299245 0.028885 0.068472
1 0.044430 0.362019 0.034505 0.074185
1 0.328896 0.343472 0.027281 0.068481
1 0.434818 0.245037 0.020865 0.051352
1 0.488987 0.516796 0.031297 0.081315
1 0.642654 0.931218 0.049755 0.099861
1 0.824008 0.473287 0.030495 0.071333
1 0.758195 0.308514 0.024099 0.067046
1 0.714875 0.189403 0.024073 0.062769
2 0.477177 0.552093 0.006771 0.015185
