4 0.499443 0.112301 0.998885 0.006120
9 0.927979 0.630569 0.144042 0.666917
0 0.033115 0.524769 0.027417 0.079648
0 0.259807 0.376759 0.030094 0.068944
0 0.256797 0.165745 0.028083 0.053491
0 0.519060 0.277023 0.022464 0.055880
0 0.500440 0.239398 0.012328 0.050241
1 0.062346 0.204856 0.020620 0.069343
1 0.122531 0.484227 0.025073 0.091139
1 0.214198 0.791338 0.026750 0.101046
1 0.345156 0.432213 0.016719 0.070333
1 0.601214 0.483731 0.026187 0.082222
1 0.599820 0.353458 0.034547 0.077269
1 0.511885 0.238778 0.015500 0.048222
