4 0.337336 0.056019 0.674672 0.010463
9 0.649966 0.592032 0.680161 0.808120
2 0.497956 0.459269 0.009516 0.014907
0 0.485406 0.437616 0.029510 0.070602
1 0.356578 0.465440 0.030906 0.076213
1 0.368188 0.400611 0.026813 0.067389
1 0.410440 0.310866 0.023078 0.058306
1 0.371393 0.790343 0.044495 0.100074
0 0.324333 0.186523 0.024427 0.055491
1 0.173008 0.382991 0.027776 0.057648
0 0.016911 0.384662 0.030625 0.072287
1 0.143021 0.674574 0.040448 0.078759
11 0.672609 0.467847 0.025146 0.080361
10 0.860565 0.465116 0.127318 0.265231
