2 0.450122 0.463315 0.007359 0.013685
8 0.250078 0.499667 0.500156 0.792148
1 0.991844 0.312532 0.016312 0.055250
0 0.921813 0.183079 0.019458 0.051250
1 0.906505 0.605935 0.023312 0.089481
1 0.722672 0.540324 0.028698 0.076574
0 0.614016 0.315403 0.020135 0.067269
1 0.669234 0.307370 0.023823 0.066926
0 0.476833 0.473514 0.027781 0.075769
0 0.519958 0.517593 0.025115 0.080926
1 0.452255 0.443713 0.026729 0.078148
0 0.465911 0.386847 0.028875 0.069917
0 0.450284 0.202097 0.024536 0.055250
1 0.477771 0.145255 0.024240 0.057194
0 0.391794 0.580801 0.032766 0.066176
10 0.210146 0.386639 0.023385 0.067981
6 0.078313 0.326560 0.119344 0.219250
