11 0.663734 0.466366 0.025146 0.080361
9 0.638461 0.588963 0.680161 0.808111
2 0.579440 0.425778 0.009516 0.014907
0 0.494659 0.438208 0.029516 0.070602
4 0.333992 0.050074 0.667984 0.010463
1 0.371755 0.459051 0.030906 0.076213
1 0.385060 0.402255 0.026807 0.067398
1 0.415385 0.318222 0.025479 0.065407
1 0.379875 0.770139 0.033333 0.100074
0 0.333810 0.188671 0.024432 0.055491
1 0.180232 0.380991 0.027776 0.057648
0 0.021458 0.382282 0.030625 0.072287
10 0.852245 0.465116 0.127313 0.265231
1 0.153615 0.675602 0.040448 0.078759
