9 0.534570 0.320972 0.537630 0.641944
7 0.707091 0.171810 0.085995 0.189380
11 0.680148 0.242269 0.022828 0.057130
0 0.016346 0.044991 0.015380 0.054685
0 0.433953 0.354676 0.020063 0.067759
0 0.551982 0.516949 0.026078 0.080843
0 0.540615 0.210829 0.016719 0.055880
0 0.538609 0.097296 0.020729 0.054685
1 0.105956 0.289292 0.022068 0.079657
1 0.307901 0.144255 0.020729 0.058250
1 0.451674 0.202509 0.026078 0.070148
1 0.434289 0.307718 0.020734 0.057065
1 0.567362 0.335065 0.018057 0.066574
1 0.620523 0.275023 0.026745 0.058250
1 0.552315 0.206667 0.014714 0.047556
2 0.578250 0.475162 0.009740 0.018250
