9 0.538305 0.325435 0.533609 0.638370
7 0.706937 0.177111 0.080781 0.190778
11 0.655052 0.243153 0.026531 0.064991
0 0.010005 0.041894 0.019458 0.048213
0 0.428930 0.349546 0.018870 0.070222
0 0.539781 0.532981 0.035375 0.066037
0 0.537422 0.215375 0.015333 0.061843
0 0.524745 0.090111 0.019458 0.050315
1 0.112596 0.286130 0.022995 0.079667
1 0.306289 0.147764 0.016505 0.054509
1 0.433352 0.203847 0.021818 0.070231
1 0.425687 0.307620 0.021812 0.055556
1 0.551279 0.207514 0.015922 0.058694
1 0.602870 0.261500 0.021229 0.055556
1 0.564250 0.316523 0.020635 0.069176
2 0.558245 0.560880 0.008854 0.015648
