8 0.316391 0.532995 0.553656 0.820620
2 0.242099 0.454981 0.007365 0.013685
0 0.496760 0.458144 0.020875 0.072417
0 0.475518 0.234366 0.024536 0.055250
1 0.542799 0.177731 0.023026 0.060389
0 0.447734 0.621398 0.028490 0.087352
10 0.306635 0.440218 0.040063 0.038454
4 0.671654 0.016454 0.656693 0.025944
6 0.184060 0.351759 0.110401 0.222907
1 0.535911 0.459106 0.026698 0.072343
0 0.975818 0.203606 0.019458 0.051250
1 0.989432 0.597190 0.021135 0.088231
0 0.620974 0.549074 0.025115 0.080926
1 0.780443 0.556704 0.026927 0.080111
0 0.655977 0.317741 0.022130 0.067259
1 0.697826 0.338625 0.024130 0.074194
0 0.478641 0.479949 0.026552 0.078287
