4 0.641133 0.079495 0.717734 0.031935
2 0.530523 0.430773 0.007380 0.012639
1 0.903297 0.532250 0.031292 0.087870
0 0.934531 0.223398 0.015479 0.055481
1 0.986721 0.309963 0.019599 0.059870
0 0.680456 0.602565 0.027682 0.078852
0 0.663771 0.347889 0.026104 0.065667
1 0.520714 0.391551 0.022604 0.071083
1 0.613422 0.375977 0.022865 0.072120
0 0.579477 0.428069 0.034932 0.068676
0 0.498862 0.390764 0.021922 0.055750
0 0.443513 0.519611 0.033120 0.080278
1 0.478922 0.731657 0.032708 0.089093
0 0.383635 0.785333 0.031760 0.099222
10 0.224635 0.492875 0.026542 0.085324
6 0.070638 0.512894 0.137422 0.277898
8 0.317667 0.610023 0.635333 0.779954
