0 0.172289 0.573296 0.030089 0.091537
0 0.248857 0.386653 0.020057 0.074898
0 0.450138 0.731412 0.025411 0.091546
0 0.456490 0.834241 0.023406 0.097481
0 0.466857 0.283824 0.018724 0.073704
0 0.474544 0.249347 0.019391 0.064194
1 0.491865 0.459648 0.024740 0.068944
0 0.039943 0.261463 0.017646 0.068519
1 0.520352 0.172546 0.016047 0.060630
1 0.746039 0.463213 0.019391 0.090352
1 0.991224 0.627269 0.017552 0.090352
1 0.870419 0.338389 0.018057 0.068944
1 0.808898 0.061991 0.014047 0.055870
2 0.500021 0.494491 0.007448 0.012315
4 0.500000 0.063792 1.000000 0.002972
