11 0.992086 0.171968 0.015661 0.050083
5 0.500000 0.955889 1.000000 0.023778
0 0.009018 0.484528 0.018036 0.091537
0 0.019672 0.055361 0.015448 0.053500
0 0.208583 0.094593 0.014781 0.053500
9 0.822273 0.254509 0.355453 0.509019
1 0.477370 0.501287 0.026750 0.070148
1 0.566977 0.311671 0.028089 0.068954
1 0.529529 0.120269 0.034776 0.066574
1 0.294812 0.075694 0.016052 0.053500
1 0.281773 0.268282 0.022068 0.070139
1 0.120615 0.207056 0.026083 0.071333
1 0.064109 0.531005 0.028083 0.089157
1 0.026995 0.106602 0.024740 0.060630
2 0.487516 0.650278 0.009167 0.014630
0 0.249708 0.321657 0.023469 0.074889
0 0.478740 0.225954 0.033500 0.066574
0 0.458346 0.596273 0.034172 0.077269
