9 0.520354 0.388412 0.571063 0.731694
7 0.700570 0.224694 0.091047 0.206722
11 0.669995 0.288769 0.040323 0.057463
0 0.014784 0.110787 0.026745 0.048537
0 0.389818 0.432759 0.024521 0.076278
0 0.557831 0.534301 0.026193 0.081231
0 0.539440 0.161806 0.022849 0.057463
0 0.533070 0.264269 0.023849 0.059444
1 0.084135 0.390968 0.025542 0.085861
1 0.328630 0.203977 0.022292 0.055306
1 0.425685 0.385190 0.018578 0.085861
1 0.520654 0.239065 0.022755 0.064389
1 0.549674 0.264241 0.018578 0.055315
1 0.637443 0.360421 0.025073 0.072657
1 0.606096 0.462792 0.029255 0.085861
2 0.673781 0.325056 0.008646 0.015556
