9 0.518479 0.396412 0.572729 0.731694
7 0.700667 0.231653 0.091052 0.206731
11 0.665573 0.297741 0.040323 0.051556
0 0.010734 0.117227 0.021469 0.046565
0 0.385917 0.439694 0.024521 0.067370
0 0.562568 0.534301 0.025635 0.078269
0 0.531638 0.269296 0.021734 0.051519
0 0.534982 0.160815 0.020620 0.062407
1 0.082214 0.401551 0.025635 0.074306
1 0.330750 0.211838 0.022292 0.053491
1 0.424089 0.395606 0.018385 0.078269
1 0.607982 0.467431 0.023964 0.085194
1 0.637797 0.376287 0.024521 0.071333
1 0.521966 0.239486 0.013609 0.051454
1 0.546711 0.273472 0.021172 0.058759
2 0.679911 0.332472 0.008698 0.016574
