4 0.500000 0.107181 1.000000 0.006120
9 0.916276 0.623319 0.167448 0.676435
0 0.501263 0.237190 0.024880 0.047083
0 0.462745 0.294255 0.023271 0.072750
0 0.242070 0.400532 0.037714 0.071324
0 0.007690 0.523935 0.015380 0.084167
0 0.168206 0.163722 0.026557 0.051352
1 0.045070 0.196532 0.024078 0.057065
1 0.117289 0.442616 0.033703 0.095583
1 0.224018 0.736495 0.032099 0.098435
1 0.319107 0.383412 0.024880 0.062769
1 0.554625 0.236477 0.025677 0.054213
1 0.650117 0.350606 0.028891 0.065620
1 0.632062 0.487556 0.039323 0.094148
2 0.411745 0.319319 0.009010 0.015380
