0 0.911172 0.178801 0.019458 0.051250
0 0.979724 0.544352 0.027167 0.081241
1 0.885628 0.609148 0.023307 0.089481
1 0.703911 0.531546 0.022979 0.076574
0 0.606117 0.314523 0.020141 0.067269
1 0.662987 0.301282 0.027776 0.067435
0 0.473120 0.476560 0.027781 0.075769
0 0.509901 0.508444 0.025115 0.080926
1 0.438721 0.445366 0.021443 0.078139
0 0.456763 0.378829 0.028880 0.069917
0 0.444378 0.193699 0.024536 0.055250
1 0.470167 0.138356 0.024240 0.057194
0 0.381490 0.581481 0.028490 0.087352
10 0.190315 0.378574 0.023391 0.073056
6 0.060036 0.320838 0.119344 0.219250
8 0.241536 0.491333 0.483073 0.782889
2 0.434130 0.463963 0.007365 0.013685
1 0.970023 0.308218 0.017089 0.055250
