4 0.654224 0.082449 0.691552 0.031935
2 0.454289 0.445495 0.007380 0.012639
1 0.916063 0.501991 0.031292 0.087870
0 0.960036 0.232009 0.015479 0.058667
1 0.984406 0.313398 0.022958 0.059870
0 0.686797 0.613009 0.027677 0.084389
0 0.665443 0.347102 0.026104 0.065667
1 0.535497 0.409241 0.020599 0.065056
1 0.619419 0.358542 0.022870 0.072120
0 0.565341 0.407255 0.027630 0.078639
0 0.516354 0.402523 0.022219 0.055750
0 0.447148 0.484917 0.033120 0.080278
1 0.515307 0.680315 0.032708 0.089093
0 0.397628 0.760444 0.031766 0.099222
10 0.261036 0.482509 0.026542 0.085333
6 0.111083 0.503699 0.129500 0.274491
8 0.335547 0.605005 0.671094 0.789991
