9 0.489380 0.428199 0.571344 0.747009
7 0.676362 0.255088 0.090214 0.212176
11 0.619388 0.323222 0.023214 0.076407
2 0.794974 0.517509 0.008698 0.016574
1 0.726086 0.525801 0.037964 0.043602
0 0.709513 0.499097 0.026047 0.069750
1 0.601779 0.488968 0.023974 0.089231
1 0.538586 0.286389 0.019203 0.068981
1 0.528747 0.209037 0.016578 0.063833
0 0.458302 0.173130 0.016719 0.056963
1 0.432924 0.260602 0.018995 0.062796
0 0.484203 0.285468 0.016719 0.070176
1 0.422568 0.423579 0.019813 0.074731
0 0.424120 0.500926 0.016271 0.083593
1 0.036169 0.383986 0.024359 0.082269
