1 0.137201 0.367787 0.022068 0.078463
2 0.460823 0.632759 0.010427 0.020130
0 0.065445 0.419495 0.025411 0.076083
0 0.007646 0.295264 0.015292 0.070139
0 0.212563 0.181731 0.017385 0.054685
0 0.225266 0.024889 0.024073 0.049778
0 0.386091 0.086630 0.019391 0.047556
0 0.425544 0.515199 0.024745 0.082028
0 0.456305 0.874810 0.035443 0.095102
0 0.278333 0.454981 0.014635 0.065833
1 0.037227 0.699463 0.036109 0.102241
1 0.020508 0.130616 0.018724 0.055880
9 0.918836 0.315000 0.162328 0.412519
1 0.309393 0.244144 0.018724 0.064194
1 0.487935 0.156176 0.028089 0.054685
1 0.511008 0.317259 0.019391 0.065389
1 0.531734 0.477750 0.027417 0.077278
1 0.532070 0.658449 0.029422 0.089157
1 0.272706 0.469505 0.028651 0.073065
