0 0.160646 0.557120 0.024740 0.085593
0 0.030583 0.268829 0.024073 0.063009
0 0.251924 0.397815 0.017391 0.059444
0 0.450867 0.721773 0.032766 0.093917
0 0.451534 0.846000 0.044807 0.073704
0 0.464909 0.290824 0.015380 0.066574
0 0.473938 0.248028 0.020062 0.059444
1 0.472599 0.456667 0.017385 0.072519
1 0.507036 0.170755 0.018052 0.061824
1 0.711328 0.467958 0.026750 0.080843
1 0.851086 0.336597 0.021401 0.070139
1 0.969448 0.627852 0.021396 0.091537
1 0.798927 0.067324 0.021396 0.054685
2 0.634708 0.490861 0.008333 0.014074
4 0.500000 0.063963 1.000000 0.002315
