0 0.870427 0.168171 0.019458 0.051250
0 0.881651 0.545778 0.027167 0.081241
1 0.812044 0.605218 0.023307 0.071824
1 0.642898 0.504167 0.021620 0.076574
0 0.571068 0.312477 0.026385 0.067269
1 0.627755 0.289694 0.026156 0.069130
0 0.450068 0.470810 0.021010 0.075769
0 0.471557 0.502759 0.025115 0.080926
1 0.381242 0.452880 0.021443 0.078148
0 0.414573 0.365773 0.028875 0.069917
0 0.416951 0.180338 0.024536 0.055250
1 0.434109 0.124875 0.024240 0.053769
0 0.316172 0.582144 0.028490 0.087361
10 0.113076 0.375579 0.020693 0.067083
6 0.024883 0.297847 0.049766 0.198194
8 0.211875 0.471542 0.423750 0.758028
2 0.380279 0.473222 0.007359 0.013685
1 0.896682 0.281014 0.017094 0.055250
