4 0.500000 0.111162 1.000000 0.006120
9 0.912531 0.640079 0.174938 0.699028
0 0.219885 0.411231 0.028083 0.067759
0 0.184443 0.166935 0.030760 0.061815
0 0.462961 0.291162 0.026078 0.053491
0 0.496729 0.246583 0.032094 0.054685
1 0.524479 0.242421 0.020729 0.063009
1 0.610745 0.357139 0.023406 0.078463
1 0.599039 0.490884 0.036109 0.091546
1 0.318185 0.414204 0.028089 0.071333
1 0.103865 0.465921 0.031427 0.086787
1 0.038664 0.199625 0.024078 0.055880
1 0.195141 0.766690 0.034771 0.108176
2 0.454458 0.289019 0.004635 0.012593
