0 0.199724 0.091977 0.020729 0.059435
0 0.458180 0.597815 0.032099 0.084407
5 0.499883 0.922602 0.999766 0.026870
11 0.983656 0.163296 0.024448 0.053407
7 0.990289 0.062273 0.019422 0.116787
9 0.809099 0.243074 0.381802 0.480278
2 0.488836 0.650602 0.010307 0.016481
1 0.530401 0.104463 0.030760 0.060630
1 0.475562 0.499741 0.030760 0.078463
1 0.566841 0.293486 0.039453 0.070139
1 0.275620 0.256032 0.024073 0.076083
1 0.291669 0.073556 0.025411 0.060630
1 0.118474 0.214426 0.030760 0.085593
1 0.057289 0.512815 0.036776 0.090352
0 0.482922 0.214426 0.028083 0.073704
0 0.230484 0.324986 0.024740 0.071324
