9 0.772958 0.596634 0.452927 0.806731
2 0.517352 0.453120 0.009516 0.014907
0 0.496219 0.432458 0.029510 0.070602
1 0.451003 0.463421 0.030901 0.076213
1 0.343224 0.367324 0.026813 0.067389
1 0.416193 0.259032 0.027344 0.058306
1 0.346159 0.877315 0.044495 0.090778
0 0.317737 0.174963 0.024432 0.055481
1 0.190693 0.379315 0.027771 0.057648
0 0.059849 0.390134 0.030625 0.072287
1 0.138398 0.660537 0.040453 0.078759
0 0.051839 0.098889 0.019948 0.052519
11 0.945328 0.503824 0.021563 0.075963
4 0.418138 0.064935 0.836276 0.010463
