4 0.500000 0.065546 1.000000 0.006111
9 0.958607 0.381273 0.082786 0.380417
0 0.098047 0.186903 0.028083 0.058250
0 0.205039 0.406241 0.021401 0.057056
0 0.245495 0.336694 0.030094 0.072519
0 0.439419 0.340856 0.028755 0.064194
0 0.462156 0.242782 0.023406 0.058250
0 0.671797 0.286171 0.025406 0.073713
0 0.416352 0.759319 0.046807 0.087972
1 0.034820 0.361065 0.030161 0.083222
1 0.321359 0.334319 0.026813 0.070139
1 0.436044 0.248130 0.024807 0.052315
1 0.480180 0.503722 0.034172 0.068944
1 0.710883 0.183343 0.019464 0.060630
1 0.757693 0.312324 0.022135 0.068944
1 0.810185 0.464491 0.020130 0.071333
1 0.668422 0.937639 0.036177 0.104611
2 0.462130 0.541157 0.008906 0.015093
