4 0.500000 0.100454 1.000000 0.006111
9 0.934471 0.567157 0.131057 0.596315
0 0.085273 0.392449 0.030089 0.080843
0 0.053174 0.525597 0.031432 0.087972
0 0.167526 0.167764 0.027417 0.049935
0 0.334034 0.376403 0.026078 0.070139
0 0.516255 0.301509 0.026750 0.060630
0 0.520602 0.231366 0.028755 0.053491
1 0.074240 0.195699 0.026750 0.063009
1 0.192935 0.406713 0.032766 0.078463
1 0.295581 0.676579 0.032099 0.095102
1 0.357435 0.347870 0.022068 0.060630
1 0.627930 0.240282 0.040120 0.035657
1 0.737932 0.340736 0.031427 0.074898
1 0.729240 0.495875 0.038115 0.076083
2 0.374651 0.361806 0.009844 0.018889
