4 0.500000 0.081472 1.000000 0.006111
9 0.943427 0.470319 0.113146 0.482657
0 0.112823 0.467940 0.020729 0.078454
0 0.217477 0.331819 0.041464 0.065380
0 0.137898 0.168954 0.025411 0.060630
0 0.410398 0.347273 0.039453 0.058250
0 0.491982 0.217694 0.024745 0.060630
0 0.587607 0.281296 0.023401 0.059444
0 0.406721 0.876301 0.029422 0.093917
1 0.113292 0.142204 0.020729 0.066574
1 0.277794 0.327657 0.028755 0.054685
1 0.416216 0.523815 0.026078 0.068944
1 0.419227 0.283671 0.028089 0.052306
1 0.677346 0.201648 0.020057 0.035667
1 0.790023 0.319338 0.030089 0.059435
1 0.817776 0.491120 0.030760 0.079648
2 0.433094 0.514157 0.008698 0.014444
