0 0.081253 0.583130 0.028484 0.080111
8 0.105026 0.331528 0.210052 0.577870
2 0.478844 0.474574 0.007365 0.013685
1 0.994786 0.194593 0.010427 0.055481
0 0.984911 0.319736 0.022792 0.068139
1 0.969232 0.368708 0.018130 0.068139
0 0.772055 0.761653 0.039880 0.097398
1 0.709060 0.218458 0.017089 0.055250
0 0.696138 0.126796 0.019682 0.049722
0 0.563792 0.485597 0.023667 0.075917
1 0.525523 0.470597 0.023307 0.071824
1 0.411164 0.423759 0.026214 0.069278
0 0.424435 0.264676 0.018130 0.068148
1 0.463271 0.202306 0.023823 0.063537
0 0.352612 0.490667 0.034703 0.069056
0 0.289086 0.571347 0.026839 0.091157
1 0.202977 0.444352 0.031078 0.069981
0 0.266177 0.278722 0.026917 0.065370
0 0.297945 0.112769 0.022786 0.053167
1 0.303544 0.055199 0.019682 0.044194
