4 0.332042 0.048093 0.664083 0.010463
9 0.632714 0.591009 0.688188 0.816315
2 0.662529 0.400676 0.009516 0.014907
0 0.495104 0.434644 0.029510 0.070602
1 0.382943 0.456213 0.030906 0.076222
1 0.403089 0.406778 0.026812 0.067389
1 0.425286 0.322519 0.025479 0.065407
1 0.390078 0.758148 0.033333 0.100074
0 0.350529 0.190491 0.024432 0.055481
1 0.191628 0.380139 0.027776 0.057648
0 0.031224 0.380856 0.030625 0.072287
1 0.154966 0.670472 0.040453 0.078759
11 0.658740 0.466366 0.025146 0.080361
10 0.842536 0.461829 0.127313 0.265231
