4 0.593674 0.085009 0.812651 0.018815
2 0.555271 0.435500 0.007375 0.012648
1 0.988154 0.811935 0.022766 0.096593
0 0.962135 0.492412 0.026698 0.076361
1 0.870831 0.449037 0.030839 0.077481
0 0.794042 0.184685 0.021240 0.059204
1 0.771255 0.207926 0.022552 0.046611
0 0.709930 0.507519 0.021182 0.067352
0 0.646958 0.296250 0.022312 0.065667
1 0.582135 0.257014 0.022604 0.065009
1 0.542284 0.414912 0.017495 0.065824
0 0.523862 0.453644 0.018651 0.066306
0 0.475854 0.271292 0.018906 0.055750
0 0.383047 0.566606 0.035625 0.073824
1 0.344393 0.816838 0.039755 0.081324
0 0.416641 0.889894 0.023260 0.105565
10 0.071977 0.518847 0.026536 0.085324
8 0.247432 0.613264 0.494865 0.770583
