2 0.407031 0.727815 0.011510 0.019259
5 0.500216 0.894801 0.999568 0.047435
9 0.773180 0.236292 0.453641 0.472583
7 0.949805 0.085222 0.093651 0.169889
11 0.904336 0.147042 0.023068 0.055991
0 0.417120 0.707431 0.034104 0.087972
0 0.210490 0.344843 0.026083 0.078463
0 0.559555 0.193861 0.031432 0.066574
1 0.016474 0.539806 0.032948 0.107000
1 0.137266 0.224769 0.032094 0.068944
1 0.299091 0.264000 0.032099 0.076093
1 0.314807 0.086269 0.031427 0.072519
1 0.597336 0.110644 0.029422 0.061824
1 0.621745 0.254491 0.027417 0.066574
1 0.512078 0.564176 0.034104 0.079648
