0 0.429734 0.615458 0.028490 0.087361
10 0.286857 0.418995 0.027745 0.047194
0 0.597435 0.540139 0.025120 0.080926
1 0.508849 0.454708 0.026698 0.072343
0 0.485935 0.447125 0.020880 0.072417
8 0.287630 0.526250 0.562448 0.817852
2 0.284078 0.460259 0.007365 0.013685
0 0.959453 0.198255 0.019458 0.051250
1 0.686513 0.324440 0.028911 0.070824
1 0.970148 0.593088 0.028339 0.088231
1 0.757888 0.557583 0.023943 0.080111
0 0.644125 0.318032 0.025396 0.067269
0 0.463706 0.227875 0.024536 0.055250
1 0.507750 0.176542 0.024240 0.057194
0 0.469589 0.478426 0.034990 0.075759
4 0.661544 0.009519 0.676911 0.016981
6 0.156065 0.345787 0.110401 0.222907
