9 0.529107 0.342588 0.558349 0.679269
7 0.706021 0.182375 0.086000 0.199509
11 0.683729 0.253468 0.022510 0.067750
0 0.025375 0.060329 0.023406 0.052306
0 0.427268 0.385468 0.031432 0.065380
0 0.554992 0.507324 0.032766 0.085593
0 0.533591 0.227949 0.022068 0.059435
0 0.562680 0.114421 0.025411 0.051120
1 0.087229 0.324838 0.020063 0.091546
1 0.307570 0.155431 0.019391 0.052306
1 0.436964 0.332565 0.016052 0.076093
1 0.487784 0.211898 0.018724 0.072519
1 0.550979 0.219037 0.016719 0.048741
1 0.584081 0.398546 0.018724 0.072519
1 0.633563 0.308194 0.026750 0.074889
2 0.635453 0.296731 0.006823 0.011481
