2 0.437234 0.332685 0.007687 0.015111
4 0.499930 0.069667 0.999859 0.002500
0 0.041312 0.409523 0.025406 0.077269
0 0.029943 0.537319 0.034771 0.085602
0 0.104839 0.251407 0.026750 0.067759
0 0.227880 0.484417 0.024073 0.079648
0 0.337549 0.435792 0.026745 0.082028
0 0.524969 0.308509 0.017385 0.067778
0 0.532635 0.257245 0.017823 0.055102
0 0.560667 0.643958 0.019708 0.092361
0 0.640818 0.965699 0.026323 0.068602
1 0.370875 0.462782 0.025635 0.085194
1 0.443596 0.175481 0.022849 0.059444
1 0.600464 0.486556 0.021177 0.085204
1 0.900823 0.698065 0.026750 0.090148
1 0.780737 0.319625 0.021734 0.070343
1 0.798010 0.103167 0.020615 0.049537
