9 0.525802 0.352259 0.558344 0.688815
7 0.706872 0.189861 0.091047 0.202870
11 0.681492 0.260065 0.025766 0.071352
0 0.025542 0.072213 0.026677 0.048741
0 0.422753 0.392602 0.033370 0.066574
0 0.554451 0.515060 0.028078 0.085620
0 0.534060 0.232699 0.023401 0.067750
0 0.562513 0.127491 0.024005 0.054685
1 0.086060 0.337917 0.023474 0.090352
1 0.311078 0.168509 0.016115 0.046370
1 0.436128 0.343856 0.014776 0.076083
1 0.493302 0.218440 0.027354 0.067769
1 0.551813 0.227954 0.021333 0.060630
1 0.591604 0.414000 0.022135 0.078463
1 0.634659 0.315708 0.028151 0.066083
2 0.643193 0.294380 0.007760 0.013704
