9 0.513799 0.412037 0.575526 0.742593
7 0.697966 0.244125 0.093203 0.209713
11 0.655979 0.325301 0.029187 0.048102
2 0.693417 0.357019 0.008698 0.016574
1 0.070914 0.416769 0.026193 0.078315
1 0.342573 0.230005 0.023396 0.059435
1 0.420042 0.414787 0.022313 0.082278
1 0.528708 0.247375 0.020083 0.056546
1 0.542349 0.286986 0.020615 0.060472
1 0.610604 0.483657 0.020042 0.085278
1 0.642938 0.395954 0.025635 0.060463
0 0.386586 0.455940 0.032318 0.078269
0 0.572151 0.541139 0.026750 0.068352
0 0.520049 0.277120 0.022849 0.059444
0 0.530357 0.172606 0.024516 0.060435
