4 0.628094 0.080069 0.743812 0.025954
2 0.526201 0.426616 0.007380 0.012639
1 0.885380 0.530259 0.031292 0.087870
0 0.905372 0.213157 0.015474 0.055481
1 0.963398 0.297361 0.019599 0.059870
0 0.677828 0.606417 0.027677 0.078852
0 0.656091 0.342352 0.022318 0.065667
1 0.514461 0.363241 0.022609 0.064444
1 0.601708 0.389181 0.022865 0.064194
0 0.589237 0.437083 0.034932 0.061093
0 0.479005 0.367227 0.021927 0.055750
0 0.439206 0.533329 0.028120 0.080269
1 0.435630 0.750046 0.032708 0.089093
0 0.388740 0.787347 0.031760 0.099231
10 0.190299 0.493792 0.026536 0.085324
6 0.053385 0.516282 0.106771 0.277898
8 0.300729 0.609185 0.601458 0.781630
