9 0.872427 0.312880 0.255146 0.625759
0 0.035714 0.133819 0.022302 0.064972
0 0.064531 0.308102 0.028979 0.083222
0 0.035276 0.548343 0.045135 0.078259
0 0.312232 0.353181 0.023964 0.076287
0 0.212482 0.118884 0.018391 0.059435
0 0.441266 0.322963 0.035719 0.077278
0 0.450154 0.635523 0.025630 0.084213
1 0.016565 0.161046 0.024745 0.061815
1 0.130578 0.242481 0.026750 0.065389
1 0.093799 0.547412 0.029422 0.071324
1 0.319255 0.127894 0.015115 0.058065
1 0.305214 0.328042 0.023552 0.065954
1 0.452326 0.564588 0.037339 0.070343
1 0.525604 0.368931 0.030094 0.071324
1 0.500529 0.187639 0.026745 0.065389
1 0.492172 0.049935 0.022292 0.057463
2 0.475641 0.669963 0.009948 0.016574
