9 0.491969 0.424509 0.571344 0.747000
7 0.675326 0.254157 0.090214 0.212185
11 0.619388 0.318611 0.023214 0.076407
2 0.805339 0.496093 0.008698 0.016574
1 0.724674 0.517194 0.024505 0.053759
0 0.711214 0.493236 0.018781 0.069750
1 0.603471 0.480347 0.023974 0.089231
1 0.544940 0.284213 0.019203 0.068981
1 0.530956 0.205023 0.016578 0.063843
0 0.455854 0.171875 0.016719 0.056972
0 0.484859 0.278690 0.016719 0.070176
1 0.439281 0.256588 0.018990 0.062787
1 0.420633 0.422338 0.019807 0.074731
0 0.437727 0.521319 0.016276 0.071620
1 0.038383 0.375380 0.024359 0.087778
