2 0.443406 0.263926 0.006875 0.012963
4 0.500086 0.086185 0.999828 0.002500
0 0.131253 0.954292 0.038120 0.091417
0 0.174385 0.614356 0.030760 0.098676
0 0.199797 0.425333 0.030760 0.079648
0 0.223534 0.250579 0.024745 0.065380
0 0.352596 0.482991 0.026078 0.083222
0 0.448958 0.432468 0.020729 0.070139
0 0.633854 0.255333 0.021396 0.067759
0 0.673977 0.368269 0.021401 0.079648
0 0.733492 0.689250 0.029422 0.086778
1 0.433008 0.488736 0.024516 0.087176
1 0.462263 0.207384 0.022849 0.057454
1 0.701883 0.541241 0.031766 0.085204
1 0.847049 0.329236 0.030089 0.067361
1 0.879370 0.153394 0.017833 0.048546
