8 0.114078 0.397139 0.227781 0.689796
0 0.298120 0.125926 0.022792 0.053167
1 0.301755 0.072537 0.021927 0.052296
0 0.081068 0.595009 0.028490 0.080111
0 0.275328 0.294069 0.026917 0.069917
1 0.194977 0.465880 0.031078 0.069981
0 0.305247 0.563019 0.026839 0.091167
0 0.349156 0.488912 0.028271 0.075769
1 0.483492 0.216204 0.032182 0.063537
0 0.441029 0.272477 0.018130 0.068139
1 0.412255 0.415699 0.019656 0.067861
1 0.544971 0.474810 0.023307 0.071824
0 0.563417 0.509579 0.027167 0.075917
0 0.709940 0.131861 0.019682 0.049722
1 0.722560 0.238551 0.017089 0.055250
2 0.437937 0.457023 0.007365 0.013676
1 0.991747 0.378495 0.016505 0.068139
0 0.788849 0.737435 0.028333 0.097407
