4 0.616727 0.081259 0.766547 0.025963
2 0.527732 0.420051 0.007380 0.012639
1 0.985253 0.810694 0.029495 0.096593
1 0.866906 0.523093 0.031292 0.087870
0 0.880802 0.208741 0.015479 0.055481
1 0.923924 0.282917 0.019599 0.053426
0 0.677365 0.593491 0.027677 0.078852
0 0.648966 0.339972 0.022318 0.065667
1 0.506500 0.348079 0.022604 0.065009
1 0.577193 0.377116 0.022865 0.070306
0 0.587221 0.448282 0.037286 0.072139
0 0.448750 0.339495 0.021927 0.055750
0 0.428086 0.543009 0.028120 0.080278
1 0.429638 0.751009 0.027245 0.089093
0 0.382120 0.785324 0.031760 0.099222
10 0.155583 0.495005 0.026542 0.085324
6 0.036927 0.525718 0.073854 0.284676
8 0.284026 0.609606 0.568052 0.780787
