9 0.754057 0.598218 0.491885 0.803565
2 0.512112 0.451537 0.009516 0.014907
0 0.497891 0.424532 0.029510 0.070602
0 0.043398 0.094542 0.018568 0.050731
4 0.404763 0.062954 0.809526 0.010463
10 0.989172 0.411204 0.021656 0.140037
1 0.436331 0.464412 0.030901 0.076213
1 0.343685 0.373079 0.026807 0.067398
1 0.416724 0.261171 0.027344 0.058306
1 0.348857 0.872528 0.044495 0.090778
11 0.905867 0.506602 0.021557 0.075963
0 0.317831 0.171329 0.024432 0.055491
1 0.187461 0.380500 0.027776 0.057648
0 0.046740 0.385616 0.030625 0.072287
1 0.134740 0.666352 0.040448 0.078759
