4 0.361299 0.058991 0.722599 0.010463
9 0.688966 0.594440 0.622068 0.811120
2 0.503977 0.456491 0.009516 0.014907
0 0.488974 0.431273 0.029510 0.070602
1 0.359219 0.466870 0.030906 0.076222
1 0.342297 0.387870 0.026813 0.067389
1 0.409370 0.283282 0.027344 0.058306
1 0.373128 0.858486 0.044495 0.094583
0 0.312812 0.175296 0.024427 0.055481
1 0.174771 0.382704 0.027771 0.057648
0 0.017982 0.384185 0.030620 0.072296
1 0.132042 0.678343 0.040448 0.078759
0 0.005596 0.099301 0.011193 0.050731
11 0.779250 0.479912 0.025146 0.080361
10 0.926320 0.468204 0.134964 0.265259
