9 0.497057 0.440731 0.578323 0.759426
7 0.684667 0.263236 0.093208 0.209713
11 0.632568 0.344551 0.022573 0.048306
2 0.725891 0.453352 0.008698 0.016574
1 0.671839 0.440861 0.021115 0.063833
1 0.600891 0.514120 0.021115 0.076944
1 0.421865 0.432542 0.019812 0.074731
1 0.528628 0.301250 0.019203 0.068981
1 0.526346 0.240769 0.016578 0.063833
1 0.376409 0.258273 0.014682 0.056417
1 0.038958 0.418194 0.029479 0.079537
0 0.393039 0.476824 0.022755 0.073481
0 0.488005 0.293551 0.016719 0.070176
0 0.506581 0.188704 0.016714 0.056963
0 0.610818 0.529620 0.026052 0.064278
