1 0.495133 0.464153 0.022734 0.079657
0 0.037740 0.261463 0.020062 0.066574
0 0.170143 0.571144 0.021401 0.086787
0 0.251055 0.389259 0.021401 0.079648
0 0.449326 0.728662 0.022068 0.092731
0 0.456349 0.829713 0.022740 0.097481
0 0.464708 0.285236 0.018052 0.068954
0 0.474070 0.247787 0.022068 0.065389
1 0.518536 0.172301 0.017385 0.061824
1 0.744563 0.463560 0.020062 0.092731
1 0.870612 0.335759 0.022068 0.072519
1 0.808758 0.060551 0.013370 0.052306
1 0.992315 0.628213 0.015370 0.091537
2 0.520130 0.494259 0.007500 0.013056
4 0.500000 0.063917 1.000000 0.002407
