1 0.012742 0.723926 0.025484 0.092722
4 0.557568 0.011361 0.884865 0.002685
9 0.924638 0.332903 0.150724 0.416565
2 0.449750 0.581241 0.009500 0.017222
1 0.547049 0.681866 0.028089 0.087972
1 0.540029 0.486903 0.022068 0.076083
1 0.511943 0.338898 0.023406 0.072519
1 0.498234 0.171273 0.016052 0.053491
1 0.255518 0.500898 0.027724 0.069759
1 0.309953 0.273130 0.023271 0.069907
1 0.137026 0.383690 0.027281 0.077028
1 0.005521 0.149731 0.011042 0.051352
0 0.415073 0.924361 0.036115 0.102722
0 0.252576 0.467856 0.014443 0.051361
0 0.435937 0.527773 0.026479 0.085602
0 0.394612 0.108361 0.028891 0.051352
0 0.210448 0.195380 0.020062 0.045648
0 0.218073 0.045588 0.022469 0.054213
0 0.039927 0.435759 0.022469 0.072759
