9 0.490042 0.426019 0.571344 0.747000
7 0.675987 0.252907 0.090214 0.212185
11 0.617458 0.316444 0.023219 0.076407
2 0.807198 0.493176 0.008698 0.016574
1 0.725659 0.514407 0.024505 0.053759
0 0.713229 0.494153 0.018781 0.069750
1 0.604456 0.477579 0.023974 0.089231
1 0.547482 0.286046 0.019203 0.068981
1 0.529872 0.203176 0.016578 0.063833
0 0.454250 0.170028 0.016719 0.056963
0 0.487398 0.282366 0.016714 0.070176
1 0.444406 0.258421 0.018990 0.062787
1 0.420583 0.424171 0.019812 0.074731
0 0.441818 0.526380 0.016271 0.071611
1 0.039367 0.372606 0.024359 0.087787
