4 0.500000 0.067032 1.000000 0.006120
9 0.957536 0.389000 0.084927 0.388741
0 0.096573 0.174421 0.020063 0.057065
0 0.198552 0.409213 0.028750 0.053500
0 0.242688 0.332532 0.024740 0.076083
0 0.436948 0.340259 0.024073 0.065389
0 0.465703 0.236241 0.024073 0.064204
0 0.664977 0.277852 0.022734 0.073704
0 0.420898 0.765259 0.028089 0.085593
1 0.025357 0.365824 0.022068 0.078463
1 0.319922 0.334912 0.033438 0.073713
1 0.434271 0.256449 0.024073 0.052306
1 0.471719 0.502532 0.026750 0.071324
1 0.757258 0.305787 0.028089 0.079648
1 0.711784 0.179773 0.018724 0.058250
1 0.809083 0.466273 0.027417 0.089157
1 0.669656 0.940616 0.046813 0.112935
2 0.458586 0.537157 0.008703 0.015185
