0 0.295318 0.345245 0.018188 0.063287
0 0.446437 0.292620 0.044115 0.077741
0 0.441404 0.606333 0.034828 0.086000
1 0.087659 0.536556 0.030089 0.079259
1 0.129174 0.223500 0.025078 0.065389
1 0.024409 0.148208 0.020620 0.067361
1 0.456005 0.540023 0.037896 0.074306
1 0.315297 0.113042 0.025073 0.058454
1 0.298302 0.300278 0.023406 0.054481
1 0.505070 0.170995 0.023349 0.057454
1 0.495875 0.042204 0.021792 0.043593
1 0.532349 0.358231 0.031208 0.075296
0 0.025979 0.530653 0.041406 0.085991
9 0.859888 0.297421 0.280224 0.594843
2 0.470734 0.652500 0.008542 0.018333
0 0.036815 0.112370 0.023609 0.063981
0 0.212120 0.111681 0.018188 0.059861
0 0.050359 0.295713 0.026698 0.077056
