0 0.478531 0.303324 0.021583 0.067426
8 0.146641 0.439741 0.293281 0.731259
0 0.876000 0.721843 0.024979 0.087389
1 0.777990 0.252153 0.017094 0.055250
0 0.780823 0.145843 0.016427 0.049722
0 0.661714 0.535278 0.027167 0.075926
1 0.620414 0.519204 0.023307 0.071815
1 0.478464 0.447287 0.021615 0.067852
1 0.528271 0.247648 0.023823 0.063537
0 0.377625 0.498273 0.028271 0.075769
0 0.357586 0.547782 0.026839 0.091157
1 0.250172 0.480306 0.031073 0.074704
0 0.305870 0.316519 0.023312 0.069907
0 0.339247 0.145593 0.022786 0.053167
1 0.332586 0.104454 0.019516 0.050907
0 0.163456 0.607870 0.028484 0.080111
