2 0.476943 0.256352 0.005833 0.011389
4 0.500018 0.099352 0.999964 0.002500
0 0.273755 0.674269 0.026750 0.091537
0 0.295487 0.462069 0.024745 0.083213
0 0.309531 0.258185 0.031427 0.055870
0 0.429229 0.499514 0.030094 0.086787
0 0.534552 0.429375 0.024073 0.086787
0 0.736167 0.267102 0.023406 0.066574
0 0.798693 0.415704 0.024073 0.085593
0 0.856870 0.714690 0.030760 0.103435
1 0.472695 0.529829 0.031432 0.064194
1 0.781638 0.569060 0.038120 0.090343
1 0.893312 0.332486 0.027417 0.064194
1 0.947812 0.202310 0.020062 0.058250
1 0.486740 0.236019 0.023385 0.048056
