4 0.592419 0.084250 0.812651 0.022426
2 0.567961 0.432694 0.007380 0.012648
1 0.985844 0.812347 0.026958 0.096583
0 0.972768 0.494111 0.026703 0.076370
1 0.861419 0.449435 0.035557 0.077481
0 0.803003 0.183880 0.015766 0.059204
1 0.786828 0.216426 0.022552 0.046611
0 0.703974 0.512301 0.027677 0.073361
0 0.641393 0.300389 0.022318 0.065667
1 0.573180 0.266523 0.022609 0.065009
1 0.553310 0.409625 0.017495 0.065824
0 0.541693 0.467301 0.021094 0.072139
0 0.467029 0.275338 0.021922 0.055750
0 0.378161 0.561569 0.035625 0.073824
1 0.350669 0.811523 0.039755 0.081324
0 0.406516 0.874750 0.034604 0.104574
10 0.082057 0.520014 0.026542 0.085324
8 0.252857 0.611718 0.497932 0.770583
