4 0.500000 0.075829 1.000000 0.006120
9 0.944029 0.443926 0.111943 0.460074
0 0.145122 0.434773 0.023401 0.079657
0 0.213331 0.323023 0.035443 0.067769
0 0.127404 0.167292 0.025411 0.051120
0 0.420964 0.329560 0.030760 0.064194
0 0.478807 0.221972 0.023406 0.055870
0 0.603187 0.273685 0.024740 0.078463
0 0.420294 0.830056 0.025411 0.090352
1 0.125953 0.128944 0.017396 0.036296
1 0.286242 0.321144 0.023682 0.062750
1 0.426719 0.272847 0.022292 0.060269
1 0.687237 0.185750 0.024151 0.041278
1 0.771987 0.309176 0.022755 0.068519
1 0.811922 0.479653 0.031115 0.074306
1 0.702328 0.967560 0.026469 0.064398
1 0.425557 0.503181 0.024615 0.075120
2 0.435026 0.532972 0.007917 0.016296
