9 0.526089 0.357282 0.567719 0.707843
7 0.705695 0.200324 0.091047 0.202870
11 0.677914 0.267259 0.033547 0.071352
0 0.021839 0.082824 0.027115 0.045130
0 0.415299 0.404880 0.034036 0.071796
0 0.559242 0.132056 0.026536 0.047185
0 0.532128 0.241287 0.025380 0.058463
0 0.554339 0.519745 0.022500 0.084102
1 0.084435 0.348468 0.021922 0.082046
1 0.314339 0.176162 0.017885 0.049231
1 0.432031 0.355648 0.019042 0.082056
1 0.504435 0.224875 0.020766 0.064620
1 0.595589 0.427440 0.028844 0.084102
1 0.633378 0.331032 0.030578 0.067694
1 0.550299 0.230519 0.020193 0.059481
2 0.653016 0.300343 0.009323 0.015648
