9 0.493430 0.439903 0.578328 0.759435
7 0.681117 0.267222 0.093203 0.212389
11 0.627328 0.335671 0.022573 0.065509
2 0.761609 0.492880 0.008698 0.016574
1 0.703951 0.506634 0.041599 0.051491
0 0.673378 0.511449 0.026047 0.069750
1 0.594432 0.523833 0.021115 0.076944
1 0.529695 0.298815 0.019203 0.068981
1 0.530211 0.215019 0.016578 0.063833
0 0.480490 0.185556 0.016719 0.056963
0 0.481005 0.294208 0.016719 0.070176
1 0.408492 0.261977 0.020839 0.056417
1 0.415745 0.436014 0.019812 0.074731
0 0.390365 0.464560 0.022750 0.073472
1 0.030901 0.408389 0.029479 0.079537
