4 0.499443 0.112301 0.998885 0.006120
0 0.025813 0.389694 0.024073 0.081315
0 0.122909 0.563019 0.040120 0.085593
0 0.352406 0.334056 0.022469 0.069907
0 0.380094 0.150741 0.028083 0.054204
0 0.542990 0.204236 0.020062 0.052787
0 0.606385 0.254880 0.024875 0.051352
1 0.112878 0.199245 0.020057 0.068472
1 0.185099 0.496685 0.026479 0.095574
1 0.306667 0.814097 0.044938 0.108417
1 0.429042 0.466014 0.024875 0.068472
1 0.648112 0.466014 0.031297 0.079880
1 0.621630 0.311944 0.021667 0.065630
1 0.500862 0.237764 0.025682 0.065620
2 0.503932 0.264333 0.006927 0.011667
