9 0.773312 0.236245 0.453375 0.472491
0 0.570557 0.188019 0.034365 0.058611
1 0.518193 0.571227 0.034552 0.077269
1 0.010560 0.540019 0.021120 0.096093
1 0.141490 0.225977 0.033437 0.072324
1 0.306995 0.269565 0.030094 0.080241
1 0.318698 0.082824 0.021177 0.065389
0 0.414034 0.711755 0.027995 0.079898
11 0.901039 0.143477 0.023068 0.055991
1 0.606797 0.115514 0.020062 0.067361
1 0.625466 0.254704 0.030651 0.080241
0 0.215076 0.344875 0.031109 0.080083
2 0.398542 0.726352 0.010417 0.016574
5 0.500326 0.895995 0.999349 0.047435
7 0.952393 0.087838 0.093651 0.169880
