4 0.611375 0.081259 0.777250 0.025963
2 0.532591 0.415736 0.007380 0.012639
1 0.973995 0.808222 0.033917 0.096593
1 0.864104 0.516324 0.023896 0.087870
0 0.868922 0.199560 0.018000 0.059194
1 0.906789 0.278792 0.019599 0.053417
0 0.677672 0.584421 0.027677 0.078861
0 0.647852 0.339185 0.022318 0.065667
1 0.507352 0.336454 0.022609 0.065019
1 0.568042 0.378347 0.022865 0.070306
0 0.586674 0.452185 0.037286 0.072130
0 0.441659 0.328847 0.021922 0.055750
0 0.417419 0.546639 0.028120 0.080278
1 0.420651 0.750528 0.027240 0.089093
0 0.381552 0.795750 0.031760 0.099222
10 0.137430 0.490162 0.026536 0.085324
6 0.029740 0.508282 0.059479 0.247880
8 0.276966 0.609185 0.553932 0.781630
