1 0.657862 0.296782 0.030422 0.064769
8 0.236536 0.489074 0.473073 0.778333
2 0.424026 0.464796 0.007365 0.013685
1 0.955469 0.303236 0.017094 0.055250
0 0.901534 0.176329 0.019464 0.051250
0 0.958844 0.542394 0.027167 0.081250
1 0.870971 0.609509 0.023307 0.089481
1 0.694039 0.525227 0.022984 0.076583
0 0.599206 0.314231 0.026391 0.067259
0 0.470263 0.473685 0.027776 0.075759
0 0.504987 0.507630 0.025120 0.080926
1 0.428667 0.445366 0.021448 0.078139
0 0.451479 0.375394 0.028875 0.069917
0 0.437180 0.191792 0.024536 0.055250
1 0.463495 0.134644 0.024240 0.057194
0 0.370727 0.579505 0.028484 0.087361
10 0.176060 0.378574 0.023391 0.073056
6 0.052789 0.318181 0.105370 0.218269
