9 0.494474 0.437856 0.578323 0.759435
7 0.679383 0.264736 0.091130 0.210528
11 0.623964 0.330125 0.022573 0.065509
2 0.770026 0.482056 0.008698 0.016574
1 0.712268 0.515653 0.037964 0.048694
0 0.685599 0.506921 0.026052 0.069750
1 0.597547 0.518884 0.021115 0.079676
1 0.529695 0.298815 0.019203 0.068981
1 0.530732 0.210417 0.016578 0.063833
0 0.474792 0.180954 0.016719 0.056963
0 0.481526 0.289606 0.016719 0.070176
1 0.415227 0.262903 0.020839 0.056417
1 0.420406 0.431412 0.019813 0.074731
0 0.394508 0.468245 0.022755 0.079028
1 0.031940 0.406546 0.029474 0.079537
