9 0.489578 0.432435 0.571344 0.752778
7 0.676258 0.255764 0.090214 0.207231
11 0.619380 0.320981 0.023219 0.076407
2 0.790031 0.495176 0.008698 0.016574
1 0.723622 0.526546 0.037964 0.043593
0 0.705513 0.497653 0.026047 0.069750
1 0.598706 0.498477 0.023974 0.089231
1 0.539263 0.291259 0.019203 0.068981
1 0.529977 0.208704 0.016578 0.063833
0 0.463573 0.173204 0.016719 0.056963
0 0.483539 0.286310 0.016714 0.070176
1 0.432922 0.261542 0.018990 0.062787
1 0.423172 0.427477 0.019812 0.074731
0 0.417599 0.494352 0.016271 0.083593
1 0.035414 0.387852 0.024359 0.082278
