1 0.135445 0.385898 0.026880 0.069926
1 0.247878 0.525759 0.026224 0.076926
4 0.500000 0.023481 1.000000 0.002685
9 0.932911 0.343056 0.134177 0.403000
2 0.453547 0.562741 0.008490 0.015463
1 0.548143 0.695338 0.034089 0.101398
1 0.312456 0.289162 0.028193 0.067602
1 0.506841 0.185431 0.014422 0.062935
1 0.513396 0.355597 0.023604 0.081583
1 0.552404 0.486130 0.026880 0.081593
0 0.010883 0.451630 0.021766 0.078093
0 0.225000 0.489509 0.027531 0.074593
0 0.205661 0.062352 0.021635 0.052444
0 0.194844 0.198134 0.020979 0.053620
0 0.365297 0.949884 0.056385 0.100231
0 0.416104 0.121796 0.020323 0.052444
0 0.450557 0.523139 0.024885 0.071907
