4 0.695349 0.070560 0.609302 0.031935
2 0.182367 0.490644 0.007380 0.012639
1 0.967346 0.457398 0.029036 0.081463
0 0.712773 0.558583 0.035089 0.084389
0 0.702628 0.341162 0.026099 0.065676
1 0.594794 0.416935 0.024057 0.056500
1 0.664208 0.353139 0.019792 0.062796
0 0.561604 0.358616 0.026740 0.065176
0 0.532266 0.400861 0.023958 0.071963
0 0.496620 0.424801 0.025385 0.061694
1 0.552182 0.571736 0.027042 0.079676
0 0.455115 0.642782 0.031760 0.093213
10 0.350870 0.463199 0.044823 0.073602
6 0.232716 0.444477 0.113276 0.252046
8 0.432310 0.594125 0.651911 0.811750
