0 0.292747 0.431273 0.019391 0.076083
4 0.500089 0.064741 0.998917 0.002500
0 0.051008 0.254144 0.026745 0.064194
0 0.172378 0.500227 0.022068 0.080843
0 0.495938 0.636347 0.020417 0.084398
0 0.543120 0.943356 0.018948 0.096102
0 0.499000 0.249019 0.019375 0.048241
0 0.497563 0.308611 0.013542 0.066111
1 0.376271 0.461787 0.023219 0.071000
1 0.452891 0.170778 0.022292 0.060259
1 0.589187 0.470458 0.023688 0.081731
1 0.870833 0.652495 0.024146 0.080898
1 0.771690 0.327222 0.023682 0.064389
1 0.770297 0.082444 0.016250 0.048704
1 0.975552 0.386667 0.019969 0.082556
2 0.514510 0.426935 0.006094 0.012130
