9 0.491885 0.440620 0.578323 0.759426
7 0.679385 0.263824 0.093208 0.212389
11 0.626036 0.330125 0.022573 0.065509
2 0.765365 0.486657 0.008698 0.016574
1 0.709424 0.512444 0.041599 0.051481
0 0.678349 0.507838 0.026052 0.069750
1 0.594958 0.520255 0.021115 0.079676
1 0.529174 0.297894 0.019203 0.068991
1 0.531768 0.210417 0.016578 0.063833
0 0.477380 0.183713 0.016719 0.056963
0 0.482563 0.293292 0.016719 0.070176
1 0.411083 0.261977 0.020833 0.056417
1 0.415745 0.431412 0.019812 0.074731
0 0.392956 0.467338 0.022755 0.079028
1 0.030385 0.409315 0.029479 0.079537
