9 0.778359 0.234273 0.443281 0.468546
5 0.500023 0.897935 0.999953 0.043148
0 0.439547 0.673245 0.024896 0.072991
0 0.199086 0.341745 0.024807 0.076083
0 0.524414 0.190769 0.025474 0.066574
1 0.018146 0.523042 0.036292 0.084398
1 0.118508 0.216329 0.028151 0.067769
1 0.281339 0.261500 0.027479 0.072519
7 0.956195 0.084347 0.086266 0.168694
1 0.298055 0.073667 0.024807 0.060630
1 0.565539 0.102199 0.023474 0.058250
1 0.603990 0.262097 0.025479 0.073713
1 0.487635 0.540282 0.033500 0.095102
2 0.442555 0.712944 0.011182 0.016926
11 0.916776 0.144088 0.019427 0.056398
