4 0.596578 0.082449 0.806844 0.025954
2 0.559320 0.402292 0.007380 0.012639
1 0.958672 0.818954 0.026958 0.096593
0 0.994221 0.490671 0.011557 0.076361
1 0.849667 0.486088 0.023896 0.071528
0 0.832203 0.192681 0.018000 0.059194
1 0.847125 0.253361 0.022552 0.050926
0 0.678768 0.559329 0.027682 0.073361
0 0.636049 0.326907 0.022318 0.065667
1 0.533510 0.303593 0.022604 0.065019
1 0.565654 0.380977 0.017495 0.065824
0 0.579818 0.459255 0.027802 0.072139
0 0.433622 0.301671 0.021922 0.055750
0 0.384745 0.553898 0.028115 0.080278
1 0.385797 0.779574 0.034323 0.083259
0 0.365292 0.824995 0.031760 0.099231
10 0.101573 0.492579 0.026542 0.085324
6 0.013021 0.470556 0.026042 0.162222
8 0.260263 0.611694 0.520526 0.776611
