1 0.349388 0.467569 0.030901 0.076213
0 0.478495 0.433458 0.029510 0.070602
2 0.493607 0.458278 0.009516 0.014907
9 0.664695 0.593718 0.670609 0.812565
1 0.348307 0.393218 0.026813 0.067398
1 0.405354 0.300162 0.027344 0.058306
1 0.367154 0.817051 0.044495 0.100065
0 0.313370 0.180412 0.024427 0.055491
1 0.165945 0.383556 0.027776 0.057648
0 0.010560 0.385616 0.021120 0.072287
1 0.131656 0.675602 0.040448 0.078759
11 0.700068 0.471310 0.025146 0.080361
10 0.876396 0.466764 0.127313 0.265231
4 0.342352 0.056019 0.684703 0.010463
