9 0.492760 0.435449 0.578323 0.752787
7 0.677669 0.263255 0.091130 0.210528
11 0.624320 0.326796 0.027370 0.076407
2 0.780273 0.479991 0.008693 0.016574
1 0.721552 0.523944 0.037958 0.043593
0 0.700656 0.503310 0.026052 0.069750
1 0.597562 0.511565 0.023979 0.089222
1 0.538586 0.296917 0.019203 0.068981
1 0.531159 0.206102 0.016578 0.063833
0 0.468927 0.177213 0.016719 0.056963
0 0.482859 0.286185 0.016719 0.070167
1 0.422956 0.260593 0.020839 0.062796
1 0.419703 0.429838 0.019813 0.074731
0 0.404846 0.481019 0.022755 0.083593
1 0.032875 0.400116 0.029479 0.082269
