4 0.596578 0.082449 0.806844 0.025954
2 0.562201 0.403574 0.007380 0.012648
1 0.962385 0.818954 0.026958 0.096593
0 0.990349 0.490671 0.019302 0.076361
1 0.846638 0.475315 0.022318 0.065111
0 0.826135 0.192519 0.018000 0.059204
1 0.839521 0.247407 0.022552 0.050926
0 0.681089 0.554931 0.027677 0.073361
0 0.633378 0.326120 0.022318 0.065667
1 0.542896 0.296514 0.022604 0.065009
1 0.564281 0.385042 0.017500 0.065824
0 0.578172 0.458278 0.027802 0.072130
0 0.434409 0.298588 0.021922 0.055750
0 0.379070 0.551880 0.028120 0.080278
1 0.374089 0.782481 0.034323 0.083259
0 0.364914 0.833065 0.031766 0.099222
10 0.099758 0.501861 0.026536 0.085333
6 0.011094 0.465449 0.022188 0.152991
8 0.257911 0.611278 0.515823 0.777444
