4 0.500000 0.064255 1.000000 0.006120
0 0.091896 0.192375 0.027417 0.055880
0 0.220953 0.411116 0.031427 0.055880
0 0.260404 0.342157 0.026068 0.070130
0 0.405518 0.757653 0.035443 0.076083
0 0.448648 0.346324 0.025411 0.073704
0 0.458013 0.250625 0.025411 0.065380
0 0.688380 0.292829 0.028750 0.064194
1 0.043747 0.365940 0.039453 0.079657
1 0.324604 0.346921 0.026083 0.074898
1 0.433268 0.248250 0.026745 0.053500
1 0.479745 0.510972 0.030094 0.079648
1 0.714461 0.191185 0.019391 0.060630
1 0.757927 0.306500 0.020729 0.067759
1 0.813430 0.464611 0.031432 0.091537
1 0.653607 0.930625 0.039453 0.101046
2 0.470617 0.549630 0.010724 0.016130
