1 0.405393 0.458208 0.024078 0.068954
2 0.604953 0.501593 0.007083 0.013241
1 0.774635 0.074750 0.014375 0.049574
1 0.978971 0.376477 0.021828 0.073472
1 0.897008 0.646440 0.021359 0.071824
1 0.793685 0.329421 0.017182 0.060269
1 0.614607 0.473574 0.015661 0.071037
1 0.463570 0.168736 0.017391 0.058250
0 0.479016 0.243093 0.024073 0.059315
0 0.487378 0.310319 0.024745 0.067769
0 0.489719 0.898787 0.037448 0.072519
0 0.470326 0.657454 0.025411 0.096296
0 0.275398 0.414935 0.028755 0.074889
0 0.154695 0.499343 0.029422 0.055870
0 0.033992 0.260986 0.022068 0.057065
4 0.500164 0.064046 0.999672 0.002500
