0 0.617271 0.251292 0.018052 0.067769
4 0.500034 0.083870 0.999932 0.002500
0 0.104706 0.942588 0.037443 0.111750
0 0.156531 0.599611 0.027417 0.096296
0 0.179268 0.421889 0.026078 0.078463
0 0.210026 0.254856 0.024740 0.067769
0 0.337414 0.478352 0.025411 0.077278
0 0.434044 0.431398 0.022068 0.073704
0 0.651708 0.360662 0.022740 0.077269
0 0.710555 0.686398 0.026745 0.098667
1 0.422674 0.484296 0.022068 0.084407
1 0.456445 0.204926 0.022734 0.067759
1 0.687148 0.534231 0.032099 0.084407
1 0.834602 0.324403 0.022068 0.064194
1 0.866365 0.147861 0.020062 0.053500
1 0.988016 0.812412 0.023969 0.077269
2 0.437555 0.266694 0.008182 0.015278
