4 0.500000 0.064532 1.000000 0.006120
0 0.095036 0.180250 0.028750 0.061815
0 0.211727 0.415037 0.028089 0.063000
0 0.253185 0.338954 0.028089 0.065389
0 0.415013 0.758602 0.034776 0.079648
0 0.440091 0.339546 0.022068 0.066574
0 0.463828 0.245037 0.022740 0.063000
0 0.679151 0.290806 0.020062 0.073704
1 0.037862 0.368676 0.034776 0.084407
1 0.322062 0.337764 0.026750 0.070139
1 0.435073 0.255139 0.026750 0.054685
1 0.478206 0.508361 0.026078 0.080833
1 0.660763 0.930389 0.032766 0.095111
1 0.812560 0.467940 0.022068 0.080843
1 0.759732 0.312801 0.026078 0.070139
1 0.713258 0.184407 0.029422 0.055870
2 0.465005 0.544472 0.008490 0.015833
