1 0.742747 0.553486 0.023943 0.076583
0 0.627344 0.316278 0.020135 0.067259
1 0.679302 0.315181 0.033687 0.070824
0 0.470357 0.477074 0.019578 0.075759
0 0.550240 0.529574 0.025115 0.080926
1 0.477148 0.447014 0.031359 0.051472
0 0.474674 0.410796 0.022318 0.054148
0 0.458549 0.211264 0.024536 0.055250
1 0.488432 0.156653 0.024240 0.057194
0 0.401716 0.602921 0.032766 0.066176
10 0.246693 0.393551 0.023385 0.067991
6 0.111464 0.337495 0.119344 0.219250
0 0.939078 0.189505 0.019458 0.051250
2 0.447255 0.464889 0.007365 0.013685
8 0.264922 0.514819 0.529115 0.801287
1 0.938727 0.608861 0.023307 0.082833
