4 0.643523 0.081259 0.712953 0.031944
2 0.532143 0.432051 0.007380 0.012639
1 0.906656 0.525083 0.031292 0.087870
0 0.940474 0.223880 0.015479 0.055481
1 0.987753 0.312023 0.019599 0.059880
0 0.682312 0.608889 0.027677 0.078852
0 0.664997 0.346704 0.026099 0.065667
1 0.523841 0.397616 0.022609 0.071083
1 0.615706 0.368699 0.022870 0.072120
0 0.578109 0.425250 0.034927 0.068685
0 0.503589 0.394681 0.021927 0.055750
0 0.441701 0.513157 0.033120 0.080278
1 0.489271 0.718583 0.032708 0.089093
0 0.383823 0.780958 0.031760 0.099231
10 0.232357 0.489514 0.026536 0.085324
6 0.078685 0.510477 0.137422 0.277898
8 0.321667 0.606259 0.643333 0.787481
