11 0.598271 0.477713 0.042083 0.058630
9 0.579227 0.591009 0.688193 0.816315
2 0.806023 0.383269 0.009516 0.014907
0 0.465901 0.455130 0.029510 0.075111
1 0.391328 0.463310 0.030906 0.076213
1 0.413724 0.419102 0.026813 0.067389
1 0.427026 0.344634 0.025479 0.065398
1 0.397784 0.735894 0.036609 0.088102
0 0.344211 0.211954 0.024432 0.055481
1 0.192107 0.385130 0.027776 0.063630
0 0.015437 0.400833 0.030625 0.072296
1 0.146682 0.674574 0.040448 0.078759
10 0.793305 0.463477 0.122922 0.265231
4 0.310867 0.047102 0.621734 0.010463
