9 0.760948 0.597264 0.478104 0.805472
2 0.511779 0.451741 0.009516 0.014907
0 0.498227 0.428301 0.029516 0.070602
1 0.442984 0.466389 0.030906 0.076222
1 0.341836 0.370611 0.026807 0.067389
1 0.415922 0.259741 0.027344 0.058296
1 0.350013 0.876292 0.044495 0.090769
0 0.317831 0.172486 0.024432 0.055491
1 0.188018 0.381296 0.027776 0.057648
0 0.050888 0.388468 0.030620 0.072287
1 0.137630 0.661222 0.040448 0.078759
0 0.047659 0.096546 0.019953 0.045389
11 0.918464 0.504815 0.021563 0.075963
4 0.408943 0.062954 0.817885 0.010463
