0 0.024042 0.215069 0.020865 0.065620
0 0.085427 0.369852 0.026479 0.075611
0 0.014026 0.644468 0.028052 0.088454
0 0.213016 0.154440 0.023271 0.058491
0 0.385141 0.031037 0.022469 0.045648
0 0.430078 0.415500 0.028885 0.081315
0 0.316964 0.389375 0.019438 0.068657
0 0.469078 0.708500 0.030094 0.078463
1 0.073549 0.616935 0.030495 0.087019
1 0.137747 0.310222 0.025682 0.072759
1 0.319099 0.183255 0.025677 0.061343
1 0.297836 0.387255 0.016849 0.061343
1 0.502859 0.246736 0.022469 0.059917
1 0.489219 0.101940 0.027281 0.055639
1 0.528940 0.418639 0.028089 0.075611
1 0.486010 0.599102 0.020865 0.077037
2 0.462104 0.697407 0.007604 0.014074
9 0.897841 0.320120 0.204141 0.544389
