4 0.500000 0.089255 1.000000 0.006120
9 0.945266 0.501106 0.109469 0.506435
0 0.094302 0.502176 0.024740 0.084407
0 0.401237 0.950514 0.039453 0.098972
0 0.190594 0.344065 0.023406 0.074889
0 0.154484 0.165745 0.022063 0.055880
0 0.386859 0.363088 0.021396 0.067769
0 0.507896 0.226968 0.022740 0.064194
0 0.569753 0.295921 0.024745 0.064194
1 0.104667 0.171685 0.024073 0.053500
1 0.263820 0.346444 0.018724 0.055870
1 0.382180 0.581829 0.025411 0.084398
1 0.404917 0.317319 0.026750 0.064194
1 0.665711 0.218644 0.033432 0.033287
1 0.795104 0.335148 0.027417 0.071333
1 0.806474 0.497421 0.032771 0.067769
2 0.422229 0.460287 0.009115 0.015278
