10 0.869120 0.467995 0.127313 0.265231
9 0.659919 0.595944 0.680161 0.808111
2 0.493607 0.459069 0.009516 0.014917
0 0.476607 0.435829 0.036859 0.070602
1 0.348190 0.466861 0.030901 0.076222
1 0.352005 0.395273 0.026813 0.067398
1 0.403083 0.304921 0.027344 0.058306
1 0.365612 0.811917 0.044495 0.100074
0 0.314487 0.182565 0.024432 0.055481
1 0.165302 0.383556 0.027771 0.057648
0 0.010026 0.385139 0.020052 0.072296
1 0.130885 0.674917 0.040448 0.078759
11 0.685091 0.470319 0.025151 0.080361
4 0.341237 0.056019 0.682474 0.010463
