4 0.500000 0.110329 1.000000 0.006120
9 0.913008 0.635634 0.173984 0.697602
0 0.178839 0.166292 0.029687 0.061343
0 0.225781 0.412375 0.027281 0.071324
0 0.463307 0.299676 0.025677 0.065630
0 0.497812 0.244037 0.028885 0.051352
1 0.041620 0.199102 0.026479 0.058481
1 0.106620 0.459449 0.026479 0.099861
1 0.201307 0.756181 0.032896 0.105565
1 0.317260 0.401676 0.019260 0.069907
1 0.609352 0.493690 0.027286 0.085602
1 0.622594 0.353884 0.028083 0.074176
1 0.531917 0.237616 0.024875 0.061343
2 0.438641 0.297954 0.006823 0.011944
