4 0.500000 0.108847 1.000000 0.006120
9 0.915375 0.628213 0.169250 0.684759
0 0.234529 0.404245 0.030495 0.068472
0 0.172339 0.165292 0.021667 0.058491
0 0.461622 0.295111 0.028891 0.072759
0 0.498534 0.240898 0.032099 0.049926
1 0.041875 0.192847 0.024740 0.058250
1 0.112422 0.449037 0.028083 0.092722
1 0.210721 0.745056 0.032099 0.097481
1 0.315708 0.396731 0.026750 0.071333
1 0.541065 0.236241 0.025411 0.064204
1 0.634016 0.350958 0.034771 0.074898
1 0.621310 0.490648 0.038786 0.092722
2 0.422411 0.307556 0.007760 0.014815
