1 0.994354 0.626630 0.011229 0.088315
0 0.466987 0.283597 0.015422 0.065194
0 0.475021 0.248213 0.017542 0.060722
0 0.248906 0.385648 0.021229 0.070704
0 0.171109 0.571019 0.019885 0.087907
0 0.041753 0.264435 0.019505 0.067704
0 0.454120 0.734597 0.022292 0.093287
0 0.461320 0.831972 0.021828 0.103111
1 0.493471 0.455194 0.013734 0.079833
1 0.519005 0.172741 0.012750 0.060667
1 0.808237 0.062787 0.010724 0.052667
1 0.871727 0.338838 0.016109 0.063843
1 0.745898 0.464583 0.017193 0.082074
4 0.500000 0.063815 1.000000 0.002685
2 0.500281 0.493880 0.006719 0.013426
