9 0.493437 0.437856 0.578323 0.759435
7 0.679904 0.262903 0.091130 0.210528
11 0.623964 0.327356 0.022573 0.065509
2 0.772589 0.479704 0.008698 0.016574
1 0.716315 0.518366 0.037964 0.048694
0 0.690849 0.504551 0.026052 0.069750
1 0.597615 0.515296 0.021115 0.079685
1 0.531576 0.297620 0.019203 0.068981
1 0.531576 0.210657 0.016578 0.063833
0 0.472443 0.181500 0.016719 0.056963
0 0.482370 0.288162 0.016719 0.070176
1 0.416763 0.261301 0.020839 0.056417
1 0.418922 0.431653 0.019813 0.074731
0 0.397773 0.471537 0.022755 0.083593
1 0.033047 0.404796 0.029479 0.079537
