0 0.534990 0.314477 0.019979 0.068157
4 0.499982 0.071333 0.999964 0.002500
0 0.045125 0.544454 0.027417 0.084407
0 0.054151 0.407736 0.028083 0.077269
0 0.116674 0.252602 0.026078 0.066574
0 0.239049 0.482634 0.023401 0.082028
0 0.346375 0.435676 0.024073 0.078463
0 0.573737 0.646093 0.020057 0.090352
0 0.653648 0.965292 0.031432 0.065380
0 0.538987 0.251889 0.014797 0.060093
1 0.374128 0.459569 0.022734 0.083213
1 0.439995 0.176634 0.019396 0.061824
1 0.606169 0.488102 0.025411 0.085593
1 0.783378 0.318102 0.018724 0.073704
1 0.803773 0.104708 0.022068 0.051120
1 0.909094 0.711005 0.034771 0.093917
2 0.432458 0.321694 0.006458 0.011852
