4 0.500000 0.093046 1.000000 0.006111
9 0.944344 0.517509 0.111313 0.529259
0 0.162068 0.359162 0.026479 0.072750
0 0.085432 0.511806 0.027281 0.081315
0 0.375922 0.372718 0.025677 0.068472
0 0.515948 0.225065 0.021667 0.052778
0 0.554867 0.301389 0.032099 0.071333
0 0.165680 0.164435 0.028891 0.057056
1 0.097870 0.182981 0.026479 0.074185
1 0.248734 0.358449 0.023271 0.085602
1 0.354654 0.618801 0.032901 0.098435
1 0.793193 0.495403 0.040125 0.071324
1 0.784367 0.332773 0.028891 0.065620
1 0.659586 0.227917 0.032901 0.038519
1 0.393523 0.328532 0.015339 0.065472
2 0.411240 0.429880 0.011521 0.018556
