10 0.934081 0.467769 0.129651 0.264833
9 0.695760 0.593778 0.608479 0.812444
2 0.505872 0.455306 0.009516 0.014907
0 0.492094 0.427505 0.029510 0.070602
1 0.368094 0.466380 0.030906 0.076222
1 0.342531 0.385407 0.026813 0.067389
1 0.410708 0.280903 0.027344 0.058306
1 0.372354 0.865676 0.044490 0.094574
0 0.313742 0.172986 0.024432 0.055491
1 0.179107 0.385843 0.027776 0.057648
0 0.017982 0.384185 0.030620 0.072296
1 0.133776 0.678343 0.040448 0.078759
0 0.006914 0.099023 0.013828 0.050731
11 0.796870 0.481657 0.021563 0.075963
4 0.364919 0.059981 0.729839 0.010463
