2 0.495573 0.481264 0.007365 0.013676
1 0.703685 0.208681 0.017089 0.055250
0 0.695164 0.126532 0.019682 0.049731
0 0.567047 0.479815 0.030177 0.075926
1 0.526010 0.472829 0.023312 0.071824
1 0.411630 0.426639 0.020667 0.069278
0 0.423750 0.263213 0.018125 0.068148
1 0.454083 0.205722 0.023823 0.063537
0 0.356070 0.490963 0.034703 0.069056
0 0.287648 0.574394 0.034703 0.091157
1 0.208120 0.439065 0.031073 0.069981
0 0.267854 0.280324 0.026917 0.065370
0 0.301984 0.110347 0.022792 0.047880
1 0.306857 0.053130 0.019682 0.044204
0 0.084036 0.584778 0.028490 0.080111
1 0.993779 0.192602 0.012443 0.055481
0 0.979128 0.316088 0.022786 0.068139
1 0.963721 0.365829 0.018130 0.068139
8 0.102656 0.320968 0.205312 0.563806
0 0.771492 0.771273 0.039880 0.097398
