4 0.500000 0.073602 1.000000 0.006111
9 0.945398 0.436671 0.109203 0.452935
0 0.123122 0.168000 0.026745 0.053500
0 0.152878 0.422407 0.022068 0.067759
0 0.214734 0.314819 0.024073 0.064194
0 0.422034 0.326111 0.029422 0.060630
0 0.476198 0.225662 0.017385 0.052306
0 0.612281 0.270833 0.020729 0.061815
0 0.431063 0.818282 0.026083 0.086787
1 0.130448 0.126398 0.017500 0.031852
1 0.701490 0.966741 0.037448 0.066519
1 0.293909 0.325995 0.028755 0.061824
1 0.426990 0.270134 0.023417 0.052324
1 0.428320 0.494213 0.027422 0.074889
1 0.692125 0.185120 0.021396 0.053500
1 0.767021 0.308755 0.021396 0.063009
1 0.811490 0.481731 0.034104 0.085593
2 0.438943 0.533509 0.008021 0.017593
