4 0.500000 0.063667 1.000000 0.002500
0 0.026594 0.269486 0.028979 0.057454
0 0.154203 0.534986 0.026750 0.087176
0 0.259247 0.408181 0.022849 0.067361
0 0.460138 0.692505 0.031203 0.095102
0 0.464318 0.871319 0.036219 0.076287
0 0.471260 0.298810 0.020729 0.060583
0 0.472849 0.246991 0.021375 0.059000
1 0.443682 0.456625 0.025010 0.074657
1 0.489164 0.175051 0.017026 0.058472
1 0.675693 0.476727 0.033281 0.064676
1 0.827398 0.334440 0.025078 0.064435
1 0.938383 0.631245 0.025078 0.085028
1 0.790479 0.069449 0.014396 0.049528
2 0.662555 0.491963 0.007703 0.011574
