0 0.475945 0.233023 0.024536 0.055250
4 0.669625 0.014991 0.660750 0.025944
8 0.310943 0.530699 0.553656 0.812306
2 0.264497 0.457944 0.007359 0.013685
0 0.974214 0.201644 0.019458 0.051250
1 0.987727 0.595764 0.024547 0.088231
1 0.777141 0.557875 0.023948 0.080102
0 0.654508 0.319204 0.022130 0.067259
1 0.697760 0.330782 0.028917 0.070824
0 0.478130 0.481042 0.026552 0.078287
0 0.618120 0.542981 0.025115 0.080926
1 0.528643 0.457185 0.026703 0.072333
0 0.496633 0.458144 0.020880 0.072417
1 0.534284 0.178139 0.023026 0.060389
0 0.444766 0.620079 0.028490 0.087361
10 0.303458 0.429144 0.033708 0.038194
6 0.177901 0.348440 0.110406 0.222898
