0 0.076279 0.401069 0.026078 0.073713
9 0.911466 0.312361 0.174130 0.437963
1 0.282042 0.449019 0.024000 0.069556
2 0.463995 0.659074 0.010729 0.017037
1 0.517961 0.641806 0.036109 0.089167
1 0.528326 0.459324 0.023401 0.061815
1 0.508935 0.296454 0.022068 0.071333
1 0.487870 0.140718 0.024073 0.052306
1 0.310661 0.233444 0.025406 0.061815
1 0.035154 0.107435 0.025411 0.054685
1 0.139805 0.354708 0.028755 0.068954
1 0.046188 0.673903 0.034104 0.089157
0 0.469815 0.831421 0.038786 0.092731
0 0.292940 0.437329 0.023401 0.065380
0 0.419661 0.489042 0.030760 0.085602
0 0.379539 0.071769 0.026745 0.045167
0 0.227073 0.017458 0.018719 0.034917
0 0.212026 0.177574 0.014042 0.054685
0 0.011081 0.278028 0.021401 0.072519
