1 0.792570 0.607903 0.023307 0.071824
8 0.205729 0.464199 0.411458 0.756231
2 0.366945 0.475722 0.007359 0.013685
0 0.989260 0.737051 0.021479 0.069417
1 0.881938 0.276366 0.017094 0.055250
0 0.862635 0.166815 0.016427 0.049722
0 0.862078 0.541495 0.027167 0.081250
1 0.628484 0.500306 0.021615 0.076574
0 0.562344 0.311597 0.026385 0.067269
1 0.619521 0.283602 0.026688 0.066685
0 0.442047 0.470773 0.023510 0.075769
0 0.457565 0.505806 0.021359 0.080926
1 0.366044 0.454912 0.021443 0.078139
0 0.403286 0.366921 0.023313 0.069917
0 0.408510 0.175181 0.020760 0.056769
1 0.425786 0.124083 0.024240 0.053778
0 0.301141 0.584782 0.028490 0.087361
10 0.095708 0.371662 0.020688 0.067083
6 0.017867 0.279218 0.035734 0.164713
