0 0.027195 0.598412 0.035443 0.096287
0 0.083703 0.344005 0.028083 0.077269
0 0.032211 0.181139 0.022734 0.060630
0 0.215438 0.140722 0.021396 0.055870
0 0.322096 0.373130 0.018057 0.066574
0 0.430427 0.379074 0.031427 0.078463
0 0.464865 0.665579 0.028083 0.071324
0 0.388299 0.016491 0.022068 0.030907
1 0.006076 0.203134 0.012151 0.064194
1 0.139172 0.279810 0.021469 0.065380
1 0.088685 0.588306 0.031495 0.085593
1 0.322430 0.156769 0.016047 0.057056
1 0.300029 0.363028 0.023401 0.063000
1 0.472221 0.588903 0.034776 0.070139
1 0.527388 0.399880 0.032766 0.065389
1 0.498299 0.217995 0.025411 0.063009
1 0.490276 0.081870 0.024073 0.054685
2 0.470688 0.685352 0.007708 0.013796
9 0.890414 0.335329 0.219172 0.616287
