4 0.500000 0.098329 1.000000 0.006120
9 0.937943 0.553769 0.124115 0.576574
0 0.110216 0.384366 0.036109 0.087972
0 0.067753 0.522269 0.030089 0.095111
0 0.168393 0.166810 0.034776 0.057065
0 0.350615 0.376639 0.023406 0.070148
0 0.521805 0.229227 0.028755 0.055880
0 0.532172 0.300556 0.024073 0.065389
1 0.082464 0.189403 0.024740 0.064194
1 0.214534 0.399227 0.034776 0.084398
1 0.314172 0.657199 0.032094 0.089157
1 0.372349 0.343949 0.026750 0.057065
1 0.639161 0.238736 0.037448 0.041602
1 0.750505 0.340972 0.027417 0.072519
1 0.746492 0.498491 0.042130 0.078463
2 0.382932 0.378380 0.009010 0.019444
