1 0.491971 0.455060 0.016849 0.075602
0 0.172195 0.570611 0.017651 0.084167
0 0.041797 0.259616 0.015250 0.064194
0 0.248828 0.383731 0.020062 0.069907
0 0.451849 0.733954 0.024875 0.091296
0 0.459875 0.833106 0.023271 0.101287
0 0.466693 0.283157 0.019260 0.068481
0 0.475120 0.248208 0.020062 0.061343
1 0.518049 0.172597 0.016047 0.061343
1 0.744341 0.462194 0.019255 0.089870
1 0.871932 0.338792 0.019260 0.068472
1 0.993341 0.625537 0.013318 0.091296
1 0.808138 0.062042 0.015245 0.057065
2 0.500182 0.493444 0.006510 0.012963
4 0.500000 0.063880 1.000000 0.002500
