9 0.767253 0.598417 0.465495 0.803167
2 0.514677 0.452528 0.009510 0.014907
0 0.498448 0.431468 0.029510 0.070602
1 0.444924 0.465894 0.030901 0.076213
1 0.341375 0.369380 0.026812 0.067389
1 0.417260 0.258079 0.027344 0.058306
1 0.346930 0.875264 0.044495 0.090769
0 0.317180 0.173148 0.024432 0.055481
1 0.189021 0.379704 0.027771 0.057648
0 0.054901 0.390134 0.030625 0.072287
1 0.139943 0.660880 0.040448 0.078759
0 0.047893 0.095731 0.019953 0.045389
11 0.931281 0.502833 0.021563 0.075963
4 0.413401 0.063944 0.826802 0.010463
