4 0.500000 0.054713 1.000000 0.006111
0 0.083065 0.201171 0.029422 0.058250
0 0.235867 0.409213 0.024745 0.058259
0 0.276656 0.347986 0.020729 0.057065
0 0.389336 0.753968 0.042797 0.086787
0 0.460552 0.352745 0.023406 0.073713
0 0.450188 0.253477 0.024073 0.065380
0 0.701956 0.298060 0.023401 0.068954
1 0.058326 0.363444 0.025411 0.083222
1 0.013781 0.779528 0.027563 0.095111
1 0.332828 0.346204 0.030094 0.077278
1 0.432130 0.236833 0.017385 0.060630
1 0.489641 0.513231 0.025406 0.090352
1 0.629065 0.919810 0.036776 0.099861
1 0.829677 0.478755 0.027417 0.076083
1 0.758461 0.300435 0.022734 0.068944
1 0.720680 0.191065 0.018057 0.064204
2 0.481229 0.547917 0.008385 0.017500
