4 0.500000 0.102218 1.000000 0.006120
9 0.929779 0.580000 0.140443 0.614852
0 0.063927 0.394542 0.028083 0.072750
0 0.045471 0.522222 0.028089 0.091296
0 0.165839 0.172708 0.024875 0.062769
0 0.317102 0.378852 0.033703 0.075611
0 0.505674 0.303954 0.032099 0.077037
0 0.521727 0.241903 0.036911 0.061343
1 0.067138 0.194824 0.032901 0.072759
1 0.175870 0.417366 0.040125 0.101287
1 0.279799 0.684829 0.036130 0.105528
1 0.711503 0.500824 0.034505 0.074185
1 0.719128 0.343190 0.028891 0.061343
1 0.611599 0.238333 0.040125 0.048500
1 0.345969 0.356144 0.018146 0.062398
2 0.378263 0.357486 0.010151 0.017472
