2 0.411737 0.468685 0.007359 0.013685
0 0.938969 0.540606 0.027167 0.081250
1 0.853604 0.607898 0.023312 0.089481
1 0.684654 0.520667 0.022984 0.076574
0 0.591802 0.314231 0.026385 0.067259
1 0.650312 0.294833 0.026562 0.064778
0 0.467935 0.472671 0.027776 0.075769
0 0.493563 0.505602 0.025115 0.080926
1 0.416896 0.446583 0.021448 0.078148
0 0.442974 0.370125 0.028875 0.069917
0 0.433529 0.186829 0.024536 0.055250
1 0.456276 0.130866 0.024240 0.053769
0 0.355510 0.579171 0.028490 0.087361
10 0.158435 0.380648 0.023391 0.073056
6 0.045437 0.315343 0.090875 0.217833
0 0.890911 0.175139 0.019458 0.051259
1 0.937365 0.297931 0.017094 0.055250
8 0.230156 0.483046 0.460312 0.769093
