1 0.987049 0.376773 0.018130 0.068139
8 0.112370 0.375028 0.224740 0.651426
2 0.446721 0.460444 0.007359 0.013685
0 0.784370 0.741745 0.028333 0.097398
1 0.718641 0.236227 0.017094 0.055250
0 0.704013 0.130130 0.019682 0.049722
0 0.565896 0.500375 0.027167 0.075917
1 0.537789 0.472579 0.023307 0.071824
1 0.410961 0.415870 0.026214 0.071778
0 0.437190 0.267602 0.018130 0.068148
1 0.476711 0.212546 0.023828 0.063537
0 0.347677 0.489204 0.028271 0.075759
0 0.300904 0.567690 0.026839 0.091157
1 0.190518 0.463444 0.031078 0.069981
0 0.273008 0.291319 0.026922 0.069917
0 0.297154 0.119630 0.022786 0.053167
1 0.302026 0.068560 0.021927 0.052306
0 0.077357 0.595009 0.028484 0.080111
