4 0.648872 0.081259 0.702255 0.031944
2 0.512430 0.436375 0.007380 0.012639
1 0.911807 0.513935 0.031292 0.087870
0 0.952477 0.229704 0.015474 0.058667
1 0.988784 0.313398 0.019599 0.059870
0 0.687260 0.615759 0.027677 0.078852
0 0.664107 0.350662 0.026099 0.065676
1 0.535065 0.407750 0.020599 0.065056
1 0.623419 0.363282 0.022870 0.072120
0 0.574555 0.420986 0.027630 0.078639
0 0.519661 0.404486 0.014823 0.055750
0 0.444648 0.501056 0.033120 0.080278
1 0.508307 0.696792 0.032708 0.089102
0 0.390250 0.777259 0.031760 0.099222
10 0.249378 0.487829 0.026536 0.085324
6 0.097747 0.507569 0.136047 0.274491
8 0.328958 0.607097 0.657917 0.785806
