0 0.033828 0.142458 0.025677 0.065620
9 0.876401 0.322060 0.242344 0.637676
2 0.475708 0.671782 0.011177 0.019602
1 0.450049 0.571921 0.033307 0.081102
1 0.525719 0.375708 0.031271 0.075620
1 0.502057 0.195949 0.022469 0.064194
1 0.492026 0.060431 0.023271 0.061343
1 0.320302 0.133894 0.023271 0.062769
1 0.303854 0.335755 0.024073 0.064194
1 0.095617 0.554023 0.029693 0.069898
1 0.134135 0.251606 0.028083 0.069935
1 0.014573 0.173125 0.021667 0.064194
0 0.452841 0.639921 0.020953 0.069713
0 0.213979 0.124625 0.024875 0.067046
0 0.440271 0.335046 0.039323 0.077037
0 0.319500 0.355727 0.024073 0.072750
0 0.034229 0.556880 0.047344 0.081315
0 0.067531 0.316500 0.027281 0.079889
