2 0.510216 0.450546 0.009516 0.014907
1 0.131078 0.671491 0.040448 0.078759
10 0.952169 0.469630 0.095661 0.263704
11 0.830711 0.502370 0.021557 0.075963
0 0.017935 0.097644 0.018568 0.050731
9 0.714383 0.595806 0.571234 0.808389
1 0.412312 0.273532 0.027344 0.058306
1 0.362336 0.859514 0.044495 0.090769
0 0.314115 0.170671 0.024427 0.055491
1 0.178786 0.384130 0.027771 0.057648
0 0.025740 0.386806 0.030625 0.072296
1 0.340680 0.378009 0.026807 0.067389
1 0.390286 0.465398 0.030906 0.076222
0 0.496443 0.424736 0.029510 0.070602
4 0.377737 0.059981 0.755474 0.010463
