4 0.500000 0.084440 1.000000 0.006120
9 0.944229 0.483514 0.111542 0.493361
0 0.102727 0.491245 0.022734 0.087972
0 0.146534 0.166713 0.026099 0.054722
0 0.211727 0.341454 0.032099 0.066574
0 0.400635 0.354523 0.036781 0.076083
0 0.403310 0.910894 0.035443 0.099861
0 0.498602 0.219597 0.018724 0.046361
0 0.580852 0.293301 0.022734 0.058250
1 0.108745 0.153616 0.026750 0.064194
1 0.272245 0.338477 0.024740 0.058250
1 0.402977 0.547713 0.032099 0.084407
1 0.410331 0.296278 0.025411 0.061815
1 0.673805 0.211866 0.032099 0.045176
1 0.793833 0.330750 0.027417 0.068944
1 0.815234 0.497185 0.043469 0.073704
2 0.428766 0.488176 0.008542 0.018704
