0 0.210286 0.190958 0.020865 0.048509
0 0.391641 0.103222 0.027281 0.047074
0 0.432565 0.524778 0.030495 0.091296
0 0.262484 0.462639 0.022198 0.066796
0 0.433435 0.905968 0.029589 0.091398
1 0.021245 0.715037 0.031427 0.091537
1 0.010456 0.142620 0.020911 0.059444
1 0.139607 0.377412 0.023401 0.070139
1 0.309792 0.260907 0.022740 0.067759
1 0.262497 0.490171 0.020401 0.072398
1 0.495849 0.163463 0.015604 0.057463
1 0.511451 0.333366 0.028974 0.070343
1 0.537362 0.485417 0.022849 0.081204
1 0.542656 0.676139 0.025635 0.082222
2 0.454232 0.600912 0.010349 0.018713
9 0.923753 0.327222 0.152495 0.412093
0 0.047792 0.427769 0.026479 0.074185
4 0.557359 0.006454 0.885281 0.002685
0 0.218312 0.039741 0.022469 0.051352
