0 0.077161 0.328625 0.024073 0.071324
0 0.033831 0.572565 0.032099 0.088444
0 0.035836 0.159574 0.024880 0.067056
0 0.211974 0.126051 0.019260 0.062769
0 0.320703 0.352162 0.024875 0.064194
0 0.434654 0.350019 0.037714 0.079889
0 0.455516 0.647463 0.021667 0.078463
1 0.010495 0.185968 0.020990 0.068472
1 0.136143 0.258722 0.029693 0.071333
1 0.094013 0.566861 0.036911 0.071333
1 0.301044 0.347171 0.017651 0.068472
1 0.317495 0.142458 0.024875 0.061343
1 0.492831 0.069699 0.020859 0.058491
1 0.501255 0.208079 0.029687 0.072750
1 0.527336 0.391394 0.032099 0.074176
1 0.458326 0.579699 0.036911 0.074176
2 0.473375 0.673144 0.010427 0.019602
9 0.881135 0.338324 0.235115 0.651944
