4 0.626422 0.077690 0.747156 0.025954
2 0.526289 0.424694 0.007380 0.012648
1 0.875974 0.527074 0.031292 0.087870
0 0.901052 0.209963 0.015479 0.055481
1 0.953477 0.293926 0.019599 0.059870
0 0.678448 0.599542 0.027677 0.078861
0 0.653641 0.341556 0.022313 0.065667
1 0.512471 0.360213 0.022609 0.064444
1 0.600755 0.390708 0.022865 0.064194
0 0.590102 0.438046 0.034932 0.061093
0 0.470969 0.362190 0.021927 0.055750
0 0.436029 0.536556 0.028120 0.080278
1 0.436445 0.747620 0.032714 0.089093
0 0.388359 0.787685 0.031760 0.099222
10 0.181224 0.494597 0.026542 0.085324
6 0.048878 0.517977 0.097557 0.277898
8 0.296729 0.607931 0.593458 0.784139
