9 0.490229 0.422319 0.571344 0.747009
7 0.675138 0.252889 0.090214 0.212185
11 0.620237 0.316426 0.023214 0.076407
2 0.804922 0.490750 0.008698 0.016574
1 0.724185 0.514569 0.019755 0.056231
0 0.716245 0.495236 0.018781 0.069750
1 0.606133 0.473889 0.023974 0.089222
1 0.551596 0.287440 0.019203 0.068991
1 0.530951 0.206648 0.016578 0.063833
0 0.487583 0.279222 0.016719 0.070167
1 0.445060 0.256306 0.018995 0.062796
0 0.452409 0.170435 0.016714 0.056963
1 0.421844 0.425088 0.019813 0.074731
0 0.448732 0.533329 0.016276 0.071620
1 0.041438 0.366505 0.024354 0.092176
