4 0.593086 0.086019 0.812651 0.018815
2 0.563372 0.433014 0.007380 0.012639
1 0.988969 0.815648 0.022062 0.096593
0 0.968898 0.495486 0.026703 0.076361
1 0.864672 0.449435 0.035552 0.077481
0 0.801151 0.184037 0.021240 0.059204
1 0.781995 0.214204 0.022552 0.046611
0 0.709076 0.509296 0.021182 0.067352
0 0.642732 0.298806 0.022318 0.065667
1 0.575628 0.264231 0.022609 0.065019
1 0.549654 0.412875 0.017495 0.065824
0 0.534141 0.464116 0.021094 0.072139
0 0.472318 0.273662 0.021927 0.055750
0 0.382474 0.565199 0.035625 0.073824
1 0.346586 0.815394 0.039755 0.081324
0 0.414833 0.880306 0.034604 0.104574
10 0.078427 0.521630 0.026542 0.085333
8 0.248966 0.613389 0.497932 0.770574
