4 0.500000 0.063509 1.000000 0.006111
0 0.086396 0.189685 0.025677 0.047074
0 0.269354 0.344472 0.025677 0.074185
0 0.223214 0.413662 0.024875 0.058491
0 0.401359 0.755324 0.044135 0.082741
0 0.449505 0.352315 0.026479 0.075611
0 0.451510 0.253171 0.020865 0.059917
0 0.691443 0.293824 0.028885 0.069907
1 0.045471 0.366583 0.035307 0.084167
1 0.324724 0.342329 0.027281 0.075602
1 0.432654 0.246750 0.020057 0.049926
1 0.484411 0.519222 0.025677 0.081315
1 0.646508 0.926514 0.035307 0.099861
1 0.818232 0.472861 0.035307 0.082741
1 0.757242 0.310231 0.032099 0.079889
1 0.712307 0.186120 0.024073 0.054204
2 0.474339 0.550954 0.009167 0.015185
