4 0.596578 0.082449 0.806844 0.025954
2 0.564362 0.407412 0.007380 0.012639
1 0.964245 0.817301 0.026958 0.096583
0 0.988802 0.490671 0.022396 0.076361
1 0.844724 0.468736 0.022323 0.065120
0 0.822573 0.188519 0.015760 0.059204
1 0.829336 0.242130 0.022547 0.050926
0 0.683716 0.546681 0.027682 0.073361
0 0.630482 0.321764 0.022318 0.065676
1 0.546591 0.289944 0.022609 0.065019
1 0.565195 0.390120 0.017495 0.065815
0 0.576935 0.458769 0.027807 0.072130
0 0.437247 0.295227 0.021922 0.055750
0 0.377711 0.553898 0.028120 0.080278
1 0.368370 0.792162 0.034323 0.083250
0 0.363964 0.844833 0.031760 0.099222
10 0.099302 0.507509 0.026542 0.085333
6 0.009375 0.461079 0.018750 0.145250
8 0.256846 0.612509 0.513693 0.774981
