9 0.491781 0.422319 0.571344 0.747009
7 0.675138 0.252889 0.090214 0.212185
11 0.619719 0.316421 0.023219 0.076417
2 0.803958 0.490750 0.008698 0.016574
1 0.724724 0.514551 0.019302 0.054972
0 0.717219 0.494866 0.018781 0.069750
1 0.605299 0.473889 0.023974 0.089222
1 0.550904 0.285282 0.019203 0.068991
1 0.531648 0.206338 0.016578 0.063843
0 0.486979 0.279222 0.016719 0.070167
1 0.444940 0.256523 0.018995 0.062787
0 0.453010 0.167648 0.016719 0.056963
1 0.421672 0.424162 0.019812 0.074731
0 0.448732 0.533329 0.016276 0.071620
1 0.041292 0.366366 0.024354 0.092176
