1 0.493336 0.458935 0.023401 0.068944
0 0.040591 0.262694 0.018297 0.073611
0 0.172901 0.571421 0.033667 0.085306
0 0.248747 0.385324 0.018964 0.070852
0 0.450539 0.732958 0.026078 0.093917
0 0.455552 0.828060 0.020062 0.098676
0 0.465583 0.285963 0.020062 0.072519
0 0.474945 0.250301 0.017391 0.065380
1 0.520083 0.173023 0.016719 0.063009
1 0.745104 0.463694 0.020062 0.090352
1 0.872159 0.337676 0.020057 0.066574
1 0.808966 0.061278 0.014047 0.055870
1 0.991583 0.630125 0.016833 0.097491
2 0.500057 0.494167 0.007031 0.013611
4 0.500000 0.063880 1.000000 0.002870
