4 0.601680 0.082449 0.796641 0.025954
2 0.547440 0.405338 0.007380 0.012639
1 0.950073 0.819778 0.033917 0.096593
1 0.857388 0.496417 0.023901 0.071537
0 0.847771 0.193958 0.018000 0.059194
1 0.873482 0.265606 0.019599 0.053417
0 0.674891 0.574796 0.027677 0.078852
0 0.639836 0.331264 0.022318 0.065676
1 0.516451 0.316231 0.022609 0.065019
1 0.565016 0.377931 0.025594 0.065824
0 0.588318 0.455597 0.037292 0.072139
0 0.429367 0.315120 0.021922 0.055741
0 0.398586 0.547847 0.028120 0.080269
1 0.404857 0.765056 0.027245 0.089093
0 0.366995 0.801130 0.031760 0.099222
10 0.114961 0.492986 0.026536 0.085324
6 0.018646 0.484569 0.037292 0.196602
8 0.266143 0.610861 0.532286 0.778278
