9 0.511151 0.419741 0.578323 0.750519
7 0.695911 0.250616 0.093208 0.209713
11 0.652948 0.333912 0.028167 0.044398
2 0.700620 0.370759 0.008698 0.016574
1 0.064643 0.417611 0.022307 0.082278
1 0.347172 0.232356 0.022313 0.054546
1 0.419615 0.417611 0.022313 0.082278
1 0.529643 0.248690 0.019464 0.059472
1 0.542581 0.293301 0.020255 0.065250
1 0.610721 0.489889 0.022307 0.082278
1 0.644036 0.405769 0.029219 0.065315
0 0.387375 0.456185 0.033438 0.072648
0 0.575448 0.544106 0.029719 0.063565
0 0.513919 0.283231 0.022755 0.063574
0 0.528312 0.176736 0.020896 0.061917
