0 0.027737 0.269569 0.028068 0.058454
0 0.154536 0.544921 0.023271 0.092731
0 0.256044 0.400838 0.027286 0.069898
0 0.453846 0.706838 0.036109 0.085602
0 0.461471 0.853773 0.030495 0.071324
0 0.469094 0.290278 0.020062 0.065630
0 0.474711 0.241773 0.018453 0.048509
1 0.458661 0.454333 0.018458 0.079889
1 0.496779 0.170444 0.019255 0.065630
1 0.698193 0.470736 0.030490 0.067046
1 0.837818 0.334505 0.024073 0.059917
1 0.794888 0.071296 0.018453 0.055630
1 0.956583 0.629801 0.022469 0.088454
2 0.664755 0.491500 0.006458 0.012685
4 0.499917 0.064148 0.999833 0.002500
