1 0.448167 0.251403 0.020135 0.056898
1 0.392930 0.356657 0.021266 0.067389
1 0.521297 0.488241 0.033344 0.065500
0 0.520354 0.437903 0.031323 0.058065
2 0.558659 0.465269 0.009516 0.014907
9 0.911122 0.455713 0.177755 0.512833
0 0.093987 0.101519 0.019953 0.052519
0 0.011253 0.258935 0.022505 0.058259
1 0.020786 0.471269 0.035302 0.080593
1 0.230854 0.643435 0.040448 0.078759
0 0.182781 0.384653 0.026219 0.072287
1 0.262695 0.369792 0.022068 0.057472
0 0.356260 0.185069 0.024427 0.055491
4 0.500029 0.067986 0.999870 0.003472
1 0.371289 0.858648 0.044495 0.083889
