0 0.041826 0.264806 0.016047 0.067759
0 0.174562 0.573301 0.027417 0.087972
0 0.451076 0.734384 0.025411 0.096287
0 0.458763 0.829486 0.022068 0.105806
0 0.249458 0.383685 0.020729 0.074889
0 0.465451 0.283227 0.018057 0.068954
0 0.474143 0.249940 0.018057 0.064194
1 0.518612 0.172074 0.016047 0.063000
1 0.490862 0.457389 0.018057 0.072519
1 0.808161 0.063894 0.013375 0.058250
1 0.745971 0.463333 0.018724 0.086778
1 0.871690 0.341481 0.018724 0.073704
1 0.993354 0.623824 0.013292 0.093907
2 0.500339 0.493662 0.007604 0.014250
4 0.500000 0.063731 1.000000 0.002500
