4 0.695349 0.072940 0.609302 0.031935
2 0.168057 0.513866 0.007375 0.012639
1 0.957940 0.455407 0.021422 0.076296
0 0.990120 0.248630 0.015479 0.058667
1 0.993807 0.309505 0.012385 0.059880
0 0.691591 0.555556 0.026609 0.084389
0 0.688154 0.341954 0.020984 0.065667
1 0.572297 0.407046 0.024063 0.060907
1 0.646953 0.361269 0.019792 0.062796
0 0.535885 0.355046 0.026740 0.065167
0 0.505635 0.408704 0.023958 0.071963
0 0.481852 0.425162 0.025380 0.077139
1 0.536109 0.561310 0.027042 0.079676
0 0.435828 0.634718 0.031760 0.087546
10 0.340932 0.499296 0.044823 0.067148
6 0.224104 0.443667 0.126438 0.246426
8 0.432039 0.593977 0.651911 0.811750
