10 0.826589 0.461829 0.127313 0.265231
9 0.610284 0.584875 0.688193 0.816306
2 0.727695 0.384981 0.009516 0.014907
0 0.481841 0.444153 0.029516 0.070602
1 0.388534 0.456213 0.030901 0.076222
1 0.405401 0.407602 0.026813 0.067389
1 0.422745 0.330602 0.025479 0.065407
1 0.390271 0.745824 0.033333 0.100074
0 0.347557 0.192468 0.024427 0.055491
1 0.189539 0.378995 0.027776 0.057657
0 0.025872 0.387278 0.030620 0.072296
1 0.156122 0.675269 0.040453 0.078759
4 0.322846 0.044130 0.645693 0.010463
11 0.631833 0.468343 0.031813 0.080352
