4 0.500000 0.071565 1.000000 0.006111
9 0.946711 0.417227 0.106578 0.422269
0 0.117049 0.171144 0.020057 0.055639
0 0.226583 0.313801 0.028885 0.067046
0 0.168810 0.415083 0.032099 0.075611
0 0.422784 0.328065 0.029693 0.069907
0 0.476948 0.223921 0.032094 0.064194
0 0.624599 0.276704 0.028885 0.078463
0 0.431609 0.798833 0.031292 0.084167
1 0.009375 0.362301 0.018750 0.072750
1 0.299568 0.328060 0.030573 0.058491
1 0.429563 0.255306 0.027365 0.047074
1 0.446016 0.491407 0.029771 0.077037
1 0.700391 0.174708 0.020146 0.054213
1 0.764987 0.303815 0.022547 0.075611
1 0.807919 0.473574 0.023349 0.075611
1 0.693167 0.950051 0.031375 0.087028
2 0.445156 0.534537 0.009740 0.014074
