0 0.773734 0.753356 0.039885 0.097398
1 0.714060 0.227681 0.017089 0.055250
0 0.697039 0.125194 0.019682 0.049722
0 0.565529 0.488597 0.026443 0.075917
1 0.526221 0.471097 0.023307 0.071824
1 0.408487 0.421727 0.026214 0.069287
0 0.427865 0.265894 0.018125 0.068139
1 0.466836 0.203528 0.023828 0.063537
0 0.350234 0.489630 0.028271 0.075759
0 0.291878 0.570333 0.026839 0.091167
1 0.196117 0.449028 0.031078 0.069981
0 0.268112 0.283282 0.026922 0.069917
0 0.297474 0.114472 0.022792 0.053167
1 0.303279 0.057583 0.019682 0.044204
0 0.077542 0.587093 0.028490 0.080111
8 0.107388 0.341750 0.214391 0.595759
2 0.467633 0.469958 0.007359 0.013676
0 0.987339 0.319736 0.022792 0.068139
1 0.973443 0.370819 0.018125 0.068139
