4 0.500000 0.077495 1.000000 0.006120
9 0.944195 0.455935 0.111609 0.468389
0 0.125729 0.446421 0.034104 0.071324
0 0.211326 0.319815 0.035443 0.055870
0 0.133086 0.168241 0.027422 0.061815
0 0.416951 0.334671 0.032099 0.057065
0 0.486833 0.219954 0.024740 0.058259
0 0.594492 0.281769 0.026078 0.072519
0 0.414945 0.850023 0.028089 0.093917
1 0.121172 0.132741 0.011042 0.038056
1 0.281323 0.325023 0.026469 0.052843
1 0.420867 0.506648 0.025078 0.071000
1 0.422492 0.274667 0.022755 0.054481
1 0.681385 0.191699 0.016719 0.040454
1 0.777745 0.312227 0.021823 0.061917
1 0.817216 0.486009 0.028328 0.074296
1 0.709581 0.977440 0.028755 0.045120
2 0.433292 0.534417 0.008125 0.015000
