9 0.793630 0.597255 0.412740 0.805491
2 0.523482 0.455102 0.009516 0.014907
0 0.494659 0.434838 0.029516 0.070602
1 0.466802 0.468560 0.025458 0.076213
1 0.345534 0.365685 0.026807 0.067389
1 0.416326 0.255463 0.027349 0.058296
1 0.341346 0.877319 0.044495 0.090769
0 0.323497 0.178431 0.024432 0.055491
1 0.196935 0.377130 0.027776 0.057648
0 0.072958 0.383949 0.030625 0.072287
1 0.146107 0.661565 0.040453 0.078759
0 0.056951 0.100259 0.019953 0.052519
11 0.983333 0.498870 0.021563 0.075963
4 0.432628 0.067907 0.865255 0.010463
