0 0.498695 0.455162 0.020880 0.072417
0 0.477560 0.239514 0.024536 0.055250
1 0.554805 0.184361 0.023026 0.060389
0 0.449589 0.626676 0.028490 0.087352
10 0.326797 0.452741 0.046302 0.038407
6 0.203469 0.356403 0.110406 0.222898
4 0.678659 0.021407 0.642682 0.027963
8 0.339698 0.544514 0.553656 0.828898
2 0.190487 0.452759 0.007359 0.013685
0 0.983346 0.211634 0.024484 0.052361
1 0.782570 0.559338 0.026932 0.080102
0 0.660583 0.325051 0.022135 0.067269
1 0.697161 0.344380 0.024135 0.074204
0 0.475594 0.481134 0.026552 0.078287
0 0.635375 0.561468 0.025115 0.080917
1 0.543177 0.473130 0.026698 0.072333
