0 0.203065 0.091028 0.018724 0.059444
0 0.241182 0.322847 0.028083 0.071324
0 0.456508 0.594486 0.032099 0.082028
5 0.500052 0.945130 0.999896 0.021037
2 0.488042 0.650352 0.009948 0.014167
11 0.986927 0.167176 0.026146 0.051667
9 0.816789 0.249495 0.366422 0.498120
1 0.531068 0.115398 0.020729 0.058259
1 0.570854 0.306796 0.030760 0.077278
1 0.478573 0.504736 0.030760 0.076083
1 0.278630 0.261620 0.024073 0.072519
1 0.294010 0.074384 0.022740 0.049935
1 0.016161 0.101727 0.024740 0.059435
1 0.120482 0.211694 0.026078 0.072519
1 0.060966 0.528509 0.024745 0.092722
0 0.008807 0.483931 0.016719 0.082028
0 0.010813 0.051204 0.019396 0.060630
0 0.479911 0.224769 0.022740 0.065389
