1 0.654544 0.538120 0.023307 0.071815
8 0.158672 0.447412 0.317344 0.738657
2 0.357380 0.474273 0.007365 0.013676
0 0.901383 0.719190 0.031891 0.087398
1 0.798703 0.262102 0.017094 0.055241
0 0.799227 0.152833 0.016422 0.049722
0 0.703151 0.536995 0.027167 0.075917
1 0.508417 0.456468 0.021615 0.067861
0 0.493414 0.310509 0.030359 0.067426
1 0.545685 0.257889 0.023828 0.063537
0 0.391776 0.490963 0.028271 0.075759
0 0.379544 0.538667 0.026839 0.086370
1 0.271070 0.478981 0.025568 0.078148
0 0.323393 0.324995 0.023318 0.069917
0 0.351490 0.150556 0.019365 0.053167
1 0.351154 0.109130 0.019516 0.050907
0 0.187208 0.607546 0.028490 0.080111
