1 0.950820 0.764620 0.042797 0.097481
0 0.169102 0.247486 0.029422 0.066565
4 0.500008 0.076981 0.999984 0.002500
0 0.027336 0.886472 0.029422 0.101056
0 0.104573 0.565491 0.024740 0.084407
0 0.289469 0.479306 0.020062 0.083222
0 0.389107 0.424616 0.018724 0.064194
0 0.639203 0.662977 0.028083 0.093917
0 0.594065 0.334866 0.022068 0.082028
0 0.121289 0.415704 0.023401 0.084407
0 0.570661 0.247486 0.019396 0.066565
1 0.443943 0.189236 0.017385 0.064194
1 0.394456 0.472764 0.025411 0.082028
1 0.640875 0.509620 0.024740 0.084407
1 0.802034 0.321787 0.030089 0.063000
1 0.834466 0.130981 0.018724 0.059444
2 0.426612 0.285491 0.005880 0.011019
