9 0.514570 0.405889 0.572724 0.742593
7 0.698917 0.238778 0.093208 0.206722
11 0.659464 0.311708 0.037427 0.049546
2 0.688531 0.344509 0.008698 0.016574
1 0.076068 0.413500 0.025635 0.075333
1 0.336865 0.221806 0.025635 0.060463
1 0.423797 0.405102 0.025635 0.074296
1 0.526599 0.239671 0.018365 0.046583
1 0.544997 0.281264 0.023964 0.060435
1 0.610195 0.475926 0.022839 0.085185
1 0.640568 0.385287 0.025635 0.074296
0 0.386195 0.449690 0.030651 0.069324
0 0.566747 0.538366 0.027307 0.070343
0 0.533867 0.167356 0.023964 0.059435
0 0.523000 0.275338 0.020062 0.049528
