9 0.490745 0.426000 0.571344 0.747000
7 0.675138 0.254731 0.090214 0.212185
11 0.619719 0.316421 0.023219 0.076417
2 0.804802 0.492676 0.008698 0.016574
1 0.724786 0.514551 0.019698 0.054972
0 0.717081 0.497218 0.018786 0.069750
1 0.605924 0.474259 0.023974 0.089222
1 0.551690 0.283898 0.015578 0.064981
1 0.531128 0.204796 0.016578 0.063833
0 0.487221 0.279648 0.016714 0.070167
1 0.445422 0.259088 0.018990 0.062787
0 0.453010 0.168074 0.016719 0.056963
1 0.421672 0.423856 0.019812 0.074731
0 0.448036 0.533019 0.016271 0.071611
1 0.041292 0.368421 0.024354 0.092176
