9 0.493383 0.440005 0.578328 0.759435
7 0.681927 0.266583 0.093208 0.212389
11 0.631234 0.344407 0.022573 0.048315
2 0.730146 0.473472 0.008698 0.016574
1 0.677599 0.451593 0.021115 0.063833
1 0.595901 0.518954 0.021115 0.076944
1 0.528180 0.302194 0.019203 0.068981
1 0.523878 0.236597 0.016578 0.063843
1 0.379836 0.260486 0.014682 0.056417
1 0.418531 0.434866 0.019813 0.074731
1 0.031549 0.416713 0.029474 0.079537
0 0.391471 0.473894 0.022755 0.073472
0 0.483380 0.292065 0.016719 0.070167
0 0.503052 0.190676 0.016719 0.056963
0 0.619404 0.532370 0.026047 0.064278
