1 0.352583 0.466861 0.030906 0.076222
9 0.656867 0.593056 0.680161 0.808111
2 0.493497 0.459269 0.009516 0.014907
0 0.481951 0.434644 0.029516 0.070602
1 0.357552 0.397324 0.026813 0.067389
1 0.405763 0.307532 0.023078 0.058306
1 0.366383 0.802667 0.044495 0.100074
0 0.317831 0.185532 0.024432 0.055491
1 0.168513 0.383556 0.027776 0.057648
0 0.013234 0.383949 0.026469 0.072287
1 0.134547 0.674917 0.040448 0.078759
11 0.679266 0.468838 0.025146 0.080361
10 0.862646 0.466764 0.127313 0.265231
4 0.338729 0.054037 0.677458 0.010463
