9 0.492656 0.440593 0.578323 0.759426
7 0.681117 0.267222 0.093203 0.212389
11 0.627328 0.336722 0.022573 0.062111
2 0.756964 0.501130 0.008698 0.016574
1 0.701628 0.504574 0.041599 0.051481
0 0.664089 0.509384 0.026052 0.069750
1 0.594047 0.523833 0.021115 0.076944
1 0.529805 0.300931 0.019203 0.068991
1 0.529805 0.214935 0.016578 0.063833
0 0.482594 0.187417 0.016719 0.056963
0 0.481432 0.291986 0.016719 0.070176
1 0.405586 0.263782 0.020839 0.056417
1 0.414484 0.437153 0.019813 0.074731
0 0.390492 0.461917 0.022755 0.073481
1 0.029049 0.412380 0.029474 0.079537
