4 0.500000 0.098051 1.000000 0.006120
9 0.941453 0.544023 0.117094 0.556361
0 0.074773 0.517273 0.026078 0.074898
0 0.124927 0.377593 0.023406 0.078463
0 0.167727 0.169551 0.028755 0.064194
0 0.523143 0.227796 0.029422 0.054685
0 0.538523 0.299722 0.021401 0.074889
0 0.359977 0.374023 0.022734 0.068954
1 0.087146 0.190944 0.030760 0.059444
1 0.224562 0.391259 0.034104 0.079648
1 0.328549 0.649829 0.034776 0.095102
1 0.380039 0.341329 0.021401 0.058250
1 0.645516 0.235528 0.034771 0.041611
1 0.764547 0.338954 0.022740 0.072519
1 0.762539 0.497662 0.032099 0.087972
2 0.391687 0.393694 0.009323 0.016296
