0 0.027331 0.584269 0.028891 0.078463
0 0.078284 0.338894 0.032901 0.075602
0 0.034953 0.168421 0.021667 0.065620
0 0.214302 0.132755 0.020865 0.059917
0 0.322229 0.363144 0.016854 0.061343
0 0.430961 0.361009 0.032099 0.074185
0 0.459047 0.657731 0.025677 0.079889
1 0.097945 0.572852 0.040120 0.078463
1 0.009253 0.193384 0.018505 0.061343
1 0.136461 0.266852 0.032099 0.071333
1 0.299760 0.353162 0.029687 0.067046
1 0.320224 0.152014 0.017656 0.061343
1 0.491948 0.069273 0.022469 0.055639
1 0.499573 0.212644 0.024875 0.062769
1 0.526453 0.389537 0.025677 0.065630
1 0.459448 0.586407 0.039323 0.074185
2 0.471406 0.678204 0.008958 0.015741
9 0.886844 0.341463 0.226312 0.644815
