1 0.910677 0.287977 0.017094 0.055250
6 0.032755 0.311046 0.065094 0.220685
10 0.128628 0.375810 0.020693 0.067083
0 0.332130 0.582801 0.028490 0.087361
1 0.443266 0.125597 0.024240 0.053769
0 0.422576 0.183394 0.024536 0.055250
0 0.424547 0.363940 0.028875 0.069917
1 0.392099 0.452269 0.021448 0.078148
0 0.480875 0.501741 0.025115 0.080926
0 0.455505 0.473347 0.021010 0.075769
1 0.633995 0.293972 0.023823 0.063537
0 0.575839 0.313644 0.026385 0.067269
1 0.656917 0.508380 0.021615 0.076574
1 0.828305 0.604056 0.023307 0.089481
0 0.901026 0.544708 0.027167 0.081250
8 0.218333 0.476639 0.436667 0.764500
0 0.876687 0.170977 0.019458 0.051250
