0 0.928443 0.721509 0.024990 0.087389
10 0.015852 0.353681 0.020693 0.067083
0 0.217826 0.598639 0.028484 0.080111
1 0.373794 0.111356 0.019516 0.053769
0 0.366630 0.155519 0.019365 0.053167
0 0.345943 0.333014 0.023312 0.069917
1 0.296224 0.472991 0.025562 0.078148
0 0.402602 0.526852 0.021359 0.080926
0 0.404117 0.485694 0.018745 0.075759
1 0.568448 0.266907 0.023823 0.063537
0 0.511651 0.310750 0.022948 0.065222
1 0.545448 0.467176 0.021615 0.076574
1 0.697307 0.558819 0.023312 0.071824
0 0.750492 0.544273 0.027172 0.075917
0 0.819638 0.155954 0.016422 0.049722
8 0.173411 0.454546 0.346823 0.746093
2 0.349518 0.478287 0.007359 0.013685
1 0.822964 0.264421 0.017094 0.055250
