4 0.499443 0.112301 0.998885 0.006120
9 0.923190 0.631921 0.151661 0.673343
0 0.021745 0.523458 0.030094 0.080843
0 0.247102 0.383773 0.028755 0.074898
0 0.237404 0.168597 0.025411 0.058250
0 0.497352 0.242977 0.019891 0.044139
0 0.505229 0.281125 0.014583 0.059361
1 0.055516 0.203907 0.022062 0.067759
1 0.115365 0.478519 0.033437 0.091537
1 0.203969 0.785236 0.030094 0.098676
1 0.337711 0.431565 0.019391 0.073704
1 0.600846 0.481491 0.028089 0.090352
1 0.598505 0.354884 0.030094 0.079657
1 0.513039 0.247431 0.018901 0.061917
2 0.525773 0.270319 0.006391 0.013935
