1 0.284482 0.262690 0.030161 0.077269
5 0.500159 0.897032 0.998391 0.043954
0 0.432966 0.680560 0.035443 0.076083
0 0.200924 0.342343 0.022068 0.077278
0 0.532604 0.197306 0.027417 0.067759
1 0.019716 0.532551 0.039432 0.093917
1 0.121987 0.218111 0.023474 0.061815
1 0.303542 0.076051 0.022802 0.058250
1 0.573365 0.103981 0.028823 0.066574
1 0.612148 0.258532 0.027484 0.073713
1 0.494456 0.541468 0.028818 0.083213
2 0.434609 0.724333 0.009323 0.015000
9 0.775674 0.231921 0.448651 0.463843
11 0.911099 0.144111 0.018469 0.057796
7 0.955104 0.085009 0.089271 0.170019
