4 0.382474 0.059981 0.764948 0.010463
1 0.339755 0.377602 0.026813 0.067389
1 0.398607 0.465894 0.030901 0.076213
0 0.498672 0.423148 0.029510 0.070593
2 0.511331 0.449954 0.009516 0.014907
9 0.721284 0.596528 0.557432 0.806944
1 0.412445 0.271630 0.027349 0.058296
1 0.362529 0.866704 0.044495 0.090778
0 0.315229 0.171162 0.024427 0.055491
1 0.178786 0.383278 0.027771 0.057648
0 0.027344 0.387278 0.030625 0.072296
1 0.131078 0.671491 0.040448 0.078759
0 0.023198 0.098477 0.018562 0.050731
11 0.842359 0.504833 0.021562 0.075963
10 0.958943 0.470037 0.082115 0.262889
