9 0.525521 0.368926 0.567719 0.713815
7 0.703323 0.209019 0.091052 0.202870
11 0.672591 0.272593 0.042109 0.065926
0 0.024258 0.097116 0.026193 0.058454
0 0.406813 0.416611 0.030094 0.077278
0 0.556159 0.524593 0.021172 0.071333
0 0.535263 0.246213 0.023964 0.049537
0 0.552815 0.141204 0.023401 0.049537
1 0.084719 0.358657 0.018948 0.082222
1 0.318487 0.185287 0.020620 0.058444
1 0.431333 0.369551 0.017833 0.080250
1 0.602133 0.444347 0.025078 0.075287
1 0.634174 0.341319 0.032318 0.069343
1 0.509349 0.228875 0.020062 0.070343
1 0.551143 0.245718 0.017828 0.068361
2 0.660094 0.305426 0.007625 0.014889
