8 0.185260 0.459569 0.370521 0.750676
0 0.251411 0.591380 0.028490 0.080111
1 0.736456 0.578097 0.023307 0.071824
1 0.578526 0.478889 0.021615 0.076574
0 0.532766 0.310259 0.022948 0.065222
1 0.588331 0.275935 0.023828 0.063537
0 0.418927 0.478676 0.018740 0.075759
0 0.427055 0.517185 0.021359 0.080926
1 0.326276 0.466088 0.021448 0.078139
0 0.366432 0.346301 0.023312 0.069917
0 0.383008 0.161519 0.020755 0.056778
10 0.046341 0.363736 0.020693 0.067083
1 0.395539 0.115338 0.019516 0.053769
0 0.794823 0.543083 0.027167 0.081241
0 0.836117 0.161009 0.016422 0.049722
2 0.347677 0.480968 0.007365 0.013676
0 0.946732 0.729472 0.024984 0.087389
1 0.840695 0.265755 0.017089 0.055250
