0 0.583052 0.532926 0.027167 0.075926
8 0.126432 0.418245 0.252865 0.711287
2 0.418865 0.452861 0.007365 0.013685
0 0.811432 0.733458 0.031865 0.095065
1 0.740664 0.247838 0.017089 0.055250
0 0.736112 0.137333 0.019682 0.049722
1 0.559753 0.488940 0.023307 0.071824
1 0.432958 0.427144 0.019656 0.067861
0 0.452820 0.285394 0.018130 0.068139
1 0.497555 0.228398 0.023828 0.063537
0 0.358701 0.495060 0.028266 0.075769
0 0.322503 0.556116 0.026839 0.091157
1 0.212805 0.471162 0.031078 0.074694
0 0.283833 0.301856 0.026917 0.069917
0 0.312617 0.130130 0.022786 0.053167
1 0.309362 0.087019 0.021932 0.052296
0 0.115953 0.593361 0.028490 0.080111
