9 0.800409 0.599426 0.399182 0.801148
2 0.525154 0.455898 0.009516 0.014907
0 0.492880 0.434838 0.029510 0.070602
1 0.472672 0.471125 0.033344 0.076213
1 0.347615 0.363218 0.026813 0.067398
1 0.415120 0.253319 0.027344 0.058306
1 0.339805 0.876977 0.044495 0.090769
0 0.324333 0.179421 0.024427 0.055491
1 0.200612 0.374755 0.027776 0.057657
0 0.078576 0.381097 0.030620 0.072287
1 0.148609 0.658824 0.040448 0.078759
0 0.057646 0.100676 0.019948 0.052519
11 0.991779 0.497741 0.016443 0.073981
4 0.437365 0.065926 0.874729 0.010463
