4 0.681974 0.074125 0.636052 0.031935
2 0.253904 0.473778 0.007380 0.012648
1 0.952565 0.467352 0.029036 0.081463
0 0.989990 0.237111 0.015479 0.058667
1 0.994516 0.307671 0.010969 0.059880
0 0.709682 0.581944 0.027677 0.084389
0 0.691940 0.341954 0.026099 0.065667
1 0.581320 0.421769 0.020599 0.056500
1 0.647982 0.355579 0.022870 0.072120
0 0.561695 0.367370 0.026745 0.065167
0 0.528328 0.400861 0.023958 0.071963
0 0.487542 0.442963 0.025385 0.080278
1 0.542729 0.605347 0.027042 0.079676
0 0.444714 0.679431 0.031760 0.093213
10 0.322813 0.460227 0.035208 0.051398
6 0.194958 0.457958 0.119146 0.256120
8 0.395896 0.599792 0.667052 0.800417
