2 0.447214 0.562204 0.007187 0.013889
9 0.928464 0.337231 0.143073 0.410148
0 0.022247 0.442917 0.030089 0.077278
4 0.538333 0.017750 0.923333 0.002685
0 0.234563 0.483333 0.028083 0.072519
0 0.401070 0.111829 0.025411 0.057065
0 0.213497 0.055958 0.018057 0.052306
0 0.203469 0.198019 0.016719 0.043981
0 0.393047 0.950009 0.040125 0.099981
1 0.133922 0.388231 0.024740 0.074889
1 0.312466 0.283019 0.026078 0.066574
1 0.502047 0.179000 0.020063 0.058259
1 0.511406 0.346028 0.021396 0.073704
1 0.545510 0.487495 0.021396 0.068954
1 0.550859 0.687218 0.030760 0.083213
1 0.250310 0.514921 0.028297 0.079676
0 0.444659 0.530634 0.027995 0.082028
