4 0.500000 0.064593 1.000000 0.002500
0 0.028870 0.269306 0.024073 0.054204
0 0.154052 0.539639 0.024073 0.084167
0 0.255562 0.398412 0.024875 0.064194
0 0.455773 0.698704 0.035307 0.091296
0 0.460586 0.862764 0.035307 0.065620
0 0.471260 0.295875 0.013604 0.055676
0 0.474229 0.245861 0.018250 0.053185
1 0.451167 0.455435 0.023406 0.079259
1 0.493516 0.175074 0.020062 0.063407
1 0.686044 0.476241 0.031776 0.063407
1 0.831492 0.333583 0.025078 0.065389
1 0.792208 0.068574 0.015604 0.046556
1 0.945732 0.631278 0.022849 0.092130
2 0.674401 0.493898 0.007187 0.012222
