0 0.889161 0.719190 0.031885 0.087398
8 0.152656 0.444278 0.305313 0.738667
1 0.790677 0.258782 0.017094 0.055250
0 0.792367 0.150454 0.016422 0.049722
0 0.684120 0.537208 0.027167 0.075917
1 0.638482 0.529375 0.023307 0.071824
1 0.494992 0.453056 0.021620 0.067852
0 0.484909 0.309287 0.021578 0.067426
1 0.537047 0.253745 0.023823 0.063528
0 0.385854 0.495935 0.028271 0.075759
0 0.367956 0.540495 0.026839 0.091157
1 0.261258 0.477259 0.031078 0.074704
0 0.315661 0.321102 0.023312 0.069907
0 0.346867 0.147690 0.019359 0.053176
1 0.341669 0.108176 0.019516 0.050907
0 0.177003 0.605565 0.028484 0.080111
2 0.362398 0.471597 0.007359 0.013676
