1 0.875190 0.653468 0.028755 0.076083
4 0.499458 0.064111 0.998917 0.002500
0 0.045258 0.256759 0.024745 0.064204
0 0.168633 0.502250 0.029422 0.074889
0 0.287328 0.424972 0.020729 0.072519
0 0.530406 0.924875 0.026750 0.095102
0 0.496969 0.308472 0.016052 0.067759
0 0.489891 0.638477 0.019115 0.084861
0 0.494411 0.242250 0.020125 0.057778
1 0.382018 0.460282 0.028089 0.065380
1 0.451898 0.169620 0.016714 0.054685
1 0.592328 0.470389 0.023406 0.078463
1 0.777224 0.327134 0.021396 0.063009
1 0.769201 0.076301 0.014714 0.051120
1 0.973156 0.385389 0.022740 0.084407
2 0.533464 0.444741 0.008333 0.013519
