0 0.572091 0.529282 0.027172 0.075917
1 0.554242 0.479894 0.023307 0.071824
1 0.427531 0.423755 0.019656 0.067861
0 0.449531 0.282958 0.018125 0.068139
1 0.489320 0.224250 0.025734 0.063537
0 0.354750 0.494764 0.028271 0.075769
0 0.316674 0.555708 0.026839 0.091157
1 0.207776 0.468523 0.031073 0.074694
0 0.281771 0.300255 0.026917 0.069917
0 0.307677 0.129556 0.022792 0.053167
1 0.306500 0.084787 0.021927 0.052296
0 0.103333 0.595667 0.028490 0.080111
0 0.805833 0.734597 0.031865 0.095065
2 0.426643 0.452269 0.007359 0.013685
8 0.122161 0.414023 0.244323 0.704361
1 0.734318 0.242856 0.017094 0.055250
0 0.727487 0.136667 0.019682 0.049722
