4 0.635115 0.077690 0.729771 0.025954
2 0.527102 0.428694 0.007380 0.012648
1 0.895010 0.533444 0.031292 0.087870
0 0.917432 0.218120 0.015479 0.055481
1 0.978216 0.304463 0.019599 0.059870
0 0.679375 0.611088 0.027677 0.078861
0 0.657648 0.347889 0.022318 0.065667
1 0.516451 0.381454 0.022609 0.073574
1 0.606281 0.382750 0.022865 0.072130
0 0.585680 0.436273 0.034932 0.061102
0 0.488305 0.376755 0.021922 0.055750
0 0.444648 0.524046 0.033120 0.080278
1 0.451151 0.745685 0.032708 0.089093
0 0.388740 0.787009 0.031760 0.099222
10 0.205883 0.496514 0.026536 0.085324
6 0.060997 0.513866 0.121234 0.277898
8 0.308961 0.607931 0.617922 0.784139
