4 0.676625 0.076505 0.646750 0.031935
2 0.282055 0.469079 0.007380 0.012639
1 0.945398 0.471333 0.029036 0.081463
0 0.987669 0.237565 0.015474 0.058667
1 0.991487 0.308815 0.017026 0.059870
0 0.709372 0.588546 0.027682 0.084389
0 0.687263 0.342352 0.026099 0.065667
1 0.576503 0.425500 0.020599 0.056500
1 0.641609 0.354477 0.022865 0.072120
0 0.560146 0.371259 0.026740 0.065167
0 0.527854 0.402819 0.023958 0.071972
0 0.483685 0.446995 0.025380 0.080269
1 0.539133 0.612407 0.032714 0.089093
0 0.437529 0.686171 0.031766 0.093213
10 0.313039 0.466819 0.031422 0.055065
6 0.180802 0.464968 0.122417 0.260472
8 0.385073 0.599171 0.667052 0.800843
