2 0.465917 0.250185 0.009323 0.015833
4 0.500005 0.094981 0.999979 0.002500
0 0.236375 0.654060 0.026083 0.104620
0 0.256771 0.446611 0.026750 0.077278
0 0.273487 0.252241 0.025411 0.066574
0 0.404555 0.491787 0.028089 0.077278
0 0.502188 0.434130 0.024073 0.073704
0 0.699789 0.265319 0.026078 0.061824
0 0.746932 0.400250 0.021396 0.077278
0 0.816156 0.712898 0.032792 0.098648
1 0.465742 0.510810 0.032766 0.070139
1 0.481531 0.226231 0.024844 0.054537
1 0.754831 0.566139 0.029255 0.088333
1 0.883464 0.339523 0.025542 0.067694
1 0.926654 0.179366 0.019036 0.056139
