0 0.716987 0.133597 0.019682 0.049731
1 0.548107 0.475310 0.023307 0.071824
1 0.418578 0.420199 0.019656 0.067861
0 0.445005 0.276866 0.018125 0.068139
1 0.487414 0.219620 0.028505 0.063537
0 0.348828 0.492426 0.028271 0.075759
0 0.309815 0.558958 0.026839 0.091157
1 0.201378 0.466819 0.031078 0.074694
0 0.278292 0.299796 0.026917 0.069907
0 0.300482 0.125546 0.022786 0.053167
1 0.302651 0.076676 0.021927 0.052296
0 0.087005 0.595333 0.028490 0.080111
8 0.117969 0.409801 0.235937 0.707435
2 0.432667 0.454051 0.007365 0.013676
0 0.792495 0.731472 0.031865 0.081500
1 0.727224 0.243523 0.017094 0.055250
0 0.563057 0.519005 0.027167 0.075917
