9 0.493229 0.431852 0.578323 0.752778
7 0.679018 0.263014 0.091130 0.210528
11 0.623917 0.327630 0.027375 0.076407
2 0.776109 0.477787 0.008698 0.016574
1 0.720362 0.523481 0.037964 0.043593
0 0.695794 0.498542 0.026047 0.069750
1 0.597352 0.514181 0.023974 0.089231
1 0.533320 0.299667 0.019203 0.068981
1 0.531518 0.206944 0.016578 0.063833
0 0.470013 0.183287 0.016714 0.056963
0 0.482604 0.287519 0.016719 0.070167
1 0.420737 0.261292 0.020839 0.062787
1 0.421094 0.430755 0.019812 0.074731
0 0.401674 0.478713 0.022755 0.083593
1 0.033326 0.402755 0.029474 0.082269
