4 0.663919 0.078884 0.672161 0.031935
2 0.361591 0.459097 0.007380 0.012639
1 0.926586 0.490444 0.026370 0.081463
0 0.973365 0.236648 0.015479 0.058667
1 0.982211 0.315005 0.022953 0.059880
0 0.699323 0.605315 0.027677 0.084389
0 0.672344 0.343537 0.026104 0.065667
1 0.554747 0.421769 0.020599 0.056500
1 0.626469 0.358880 0.022865 0.072130
0 0.563609 0.389745 0.026740 0.074380
0 0.521240 0.402546 0.022219 0.061944
0 0.463714 0.456278 0.025385 0.080278
1 0.526273 0.653093 0.032714 0.089093
0 0.420130 0.723130 0.031760 0.099222
10 0.284201 0.475227 0.026536 0.082269
6 0.143083 0.485792 0.125708 0.268194
8 0.354727 0.602495 0.675078 0.795009
