2 0.433245 0.273389 0.008646 0.015000
4 0.500060 0.081185 0.999880 0.002500
0 0.077154 0.915718 0.046807 0.112935
0 0.137005 0.588796 0.023406 0.096296
0 0.160411 0.415819 0.027417 0.080843
0 0.198526 0.250579 0.024740 0.064194
0 0.321232 0.474074 0.022734 0.073704
0 0.416523 0.427708 0.015380 0.068954
0 0.598078 0.249389 0.017385 0.073704
0 0.629174 0.352815 0.018057 0.068944
0 0.683674 0.677958 0.025411 0.093917
1 0.413849 0.481801 0.019396 0.077269
1 0.455310 0.197676 0.022068 0.065389
1 0.670633 0.525194 0.038120 0.080833
1 0.824102 0.323097 0.022734 0.064194
1 0.854193 0.140611 0.022740 0.055870
1 0.975896 0.795051 0.037448 0.087972
