4 0.499956 0.068833 0.999911 0.002500
0 0.017479 0.535060 0.034958 0.083213
0 0.028607 0.409639 0.027422 0.077278
0 0.097818 0.250931 0.017385 0.064194
0 0.217518 0.483940 0.022734 0.080843
0 0.329523 0.432227 0.026078 0.070139
0 0.545518 0.642056 0.026078 0.090352
0 0.623758 0.961250 0.026078 0.077278
0 0.517432 0.305028 0.023406 0.072519
0 0.521982 0.252676 0.012901 0.052537
1 0.367039 0.461472 0.022734 0.083222
1 0.441935 0.171398 0.018724 0.054685
1 0.596070 0.479898 0.026078 0.086778
1 0.775284 0.317630 0.022068 0.066574
1 0.791669 0.097102 0.018724 0.043981
1 0.893982 0.686755 0.033432 0.082028
1 0.993365 0.405046 0.013271 0.058704
2 0.443427 0.343463 0.006615 0.011389
