9 0.492656 0.440593 0.578323 0.759426
7 0.680729 0.269287 0.093208 0.212389
11 0.631198 0.342532 0.022573 0.053083
2 0.740323 0.511454 0.008698 0.016574
1 0.684211 0.481176 0.036193 0.057000
0 0.636615 0.522440 0.026052 0.069750
1 0.594047 0.527963 0.021115 0.076944
1 0.412938 0.439903 0.019812 0.074731
1 0.391654 0.265847 0.020839 0.056417
1 0.527482 0.303000 0.019203 0.068981
1 0.525935 0.228009 0.016578 0.063833
0 0.495365 0.191546 0.016719 0.056963
0 0.481047 0.296116 0.016719 0.070176
0 0.390107 0.467421 0.022755 0.073472
1 0.028276 0.417199 0.029479 0.079546
