0 0.867568 0.710889 0.042125 0.096296
4 0.499956 0.100370 0.999911 0.002500
0 0.288466 0.675815 0.035443 0.090352
0 0.310867 0.466583 0.025411 0.078463
0 0.327919 0.259731 0.024745 0.047556
0 0.435583 0.501653 0.031427 0.082028
2 0.480286 0.262667 0.007865 0.013148
0 0.750208 0.269838 0.021396 0.063009
1 0.955904 0.209565 0.019391 0.059444
1 0.896055 0.331417 0.028089 0.063000
1 0.791068 0.574528 0.030760 0.090352
1 0.489898 0.237481 0.030224 0.053333
1 0.474549 0.536917 0.030609 0.052426
0 0.544247 0.422005 0.024078 0.077269
0 0.816411 0.422005 0.020062 0.082028
