4 0.645865 0.081259 0.708271 0.031944
2 0.534122 0.433495 0.007380 0.012639
1 0.908000 0.520704 0.031292 0.087870
0 0.947130 0.228352 0.015479 0.058667
1 0.989555 0.312713 0.019599 0.059870
0 0.684633 0.613009 0.027682 0.078852
0 0.664773 0.349472 0.026099 0.065667
1 0.530664 0.407218 0.022609 0.071083
1 0.617422 0.367681 0.022865 0.072120
0 0.575831 0.422167 0.034932 0.068685
0 0.514547 0.401690 0.014823 0.055750
0 0.443060 0.508315 0.033120 0.080278
1 0.497443 0.707935 0.032708 0.089093
0 0.386849 0.780287 0.031760 0.099222
10 0.241497 0.489792 0.026536 0.085324
6 0.087815 0.507810 0.136047 0.274491
8 0.325664 0.607097 0.651328 0.785806
