1 0.591305 0.512597 0.023307 0.071824
8 0.135339 0.431301 0.270677 0.722028
2 0.390339 0.462824 0.007365 0.013685
0 0.843344 0.729472 0.024979 0.087389
1 0.757646 0.248829 0.017094 0.055250
0 0.761328 0.139731 0.016427 0.049722
0 0.623648 0.531421 0.027172 0.075917
1 0.456292 0.437806 0.026917 0.067852
0 0.465711 0.292227 0.027203 0.068139
1 0.511404 0.235704 0.023828 0.063537
0 0.367589 0.497981 0.028271 0.075759
0 0.340216 0.553069 0.026839 0.091157
1 0.229487 0.475023 0.031078 0.074694
0 0.297104 0.312167 0.026917 0.069907
0 0.327005 0.138148 0.022792 0.053167
1 0.315625 0.096880 0.021927 0.052296
0 0.141745 0.600611 0.028490 0.080111
