4 0.674953 0.076505 0.650094 0.031935
2 0.293716 0.466866 0.007380 0.012639
1 0.946073 0.476111 0.029042 0.081463
0 0.986510 0.238028 0.015479 0.058667
1 0.988909 0.309046 0.022182 0.059870
0 0.707052 0.591843 0.027677 0.084389
0 0.684370 0.341954 0.026104 0.065667
1 0.573534 0.423306 0.020599 0.056500
1 0.641797 0.357185 0.022865 0.072130
0 0.559141 0.372074 0.026740 0.065167
0 0.527380 0.401699 0.023958 0.071972
0 0.479826 0.449014 0.025380 0.080269
1 0.537620 0.618463 0.032708 0.089093
0 0.436016 0.695231 0.031760 0.099222
10 0.309651 0.467931 0.031427 0.055065
6 0.175354 0.469329 0.122417 0.260472
8 0.382484 0.599171 0.667052 0.800843
