4 0.499443 0.112301 0.998885 0.006120
9 0.931865 0.620370 0.136271 0.651944
0 0.042742 0.525120 0.028755 0.086778
0 0.269102 0.372954 0.029422 0.055870
0 0.269102 0.164315 0.025411 0.054685
0 0.533909 0.275468 0.018724 0.051120
1 0.067552 0.199269 0.017385 0.066574
1 0.127401 0.479829 0.023406 0.087972
1 0.224031 0.800806 0.028083 0.102241
1 0.352758 0.443569 0.019391 0.082028
1 0.607201 0.481611 0.021401 0.089167
1 0.602852 0.351440 0.026078 0.076083
1 0.507859 0.241361 0.016844 0.058296
0 0.511099 0.228801 0.013479 0.040546
2 0.521464 0.265810 0.007760 0.015009
