11 0.646531 0.463898 0.031813 0.080352
9 0.624086 0.587944 0.688193 0.816315
2 0.696393 0.392111 0.009516 0.014907
0 0.492208 0.437810 0.029510 0.070602
1 0.384937 0.456213 0.030906 0.076222
1 0.404708 0.407602 0.026813 0.067389
1 0.425422 0.325370 0.025479 0.065407
1 0.392003 0.750963 0.033328 0.100074
0 0.347279 0.191144 0.024432 0.055491
1 0.189698 0.378139 0.027771 0.057648
0 0.030956 0.383949 0.030620 0.072287
1 0.157276 0.670472 0.040448 0.078759
10 0.839068 0.459773 0.127313 0.265231
4 0.329534 0.045120 0.659068 0.010463
