0 0.724599 0.271977 0.020729 0.067769
4 0.499982 0.098148 0.999964 0.002500
0 0.262172 0.665236 0.028885 0.089880
0 0.285042 0.456102 0.026479 0.082741
0 0.296286 0.254963 0.037740 0.051370
0 0.422344 0.494282 0.027417 0.089157
0 0.524990 0.435435 0.020062 0.085593
0 0.781771 0.413444 0.024073 0.084407
0 0.845969 0.709458 0.026750 0.096287
1 0.470154 0.524597 0.026745 0.068954
1 0.484120 0.235306 0.016771 0.049630
1 0.770539 0.576611 0.027307 0.098074
1 0.889789 0.337361 0.018391 0.069352
1 0.942734 0.198556 0.018958 0.068111
2 0.472036 0.255023 0.008073 0.013157
