4 0.310589 0.050056 0.621177 0.010463
2 0.816940 0.395824 0.009516 0.014907
0 0.472766 0.456417 0.030094 0.075315
1 0.399719 0.463310 0.030906 0.076213
1 0.428745 0.422806 0.026812 0.067389
1 0.435854 0.346778 0.025479 0.065407
1 0.407799 0.730074 0.036609 0.088093
9 0.576924 0.591009 0.688193 0.816315
0 0.347555 0.211458 0.024432 0.055491
1 0.197885 0.383565 0.027771 0.063630
11 0.596609 0.474259 0.042083 0.058630
0 0.021591 0.401310 0.030620 0.072287
10 0.793534 0.462245 0.122922 0.265231
1 0.149380 0.671843 0.040448 0.078759
