4 0.596578 0.082449 0.806844 0.025954
2 0.564273 0.410458 0.007380 0.012639
1 0.969815 0.813176 0.026964 0.096593
0 0.984763 0.489981 0.026703 0.076370
1 0.843951 0.465361 0.035557 0.077481
0 0.821313 0.183880 0.015760 0.059204
1 0.820208 0.234722 0.022552 0.046611
0 0.688974 0.541458 0.027677 0.073361
0 0.631148 0.315824 0.022318 0.065667
1 0.551711 0.282866 0.022609 0.065009
1 0.564852 0.393167 0.017495 0.065815
0 0.570490 0.457546 0.027802 0.072130
0 0.441029 0.294671 0.021922 0.055750
0 0.374531 0.553093 0.028115 0.080278
1 0.364284 0.803778 0.034328 0.083259
0 0.371250 0.849208 0.038958 0.097880
10 0.096581 0.512347 0.026536 0.085324
6 0.008117 0.460130 0.016234 0.141407
8 0.255664 0.610792 0.511328 0.778417
