4 0.499443 0.112301 0.998885 0.006120
9 0.943227 0.595556 0.113547 0.602370
0 0.067286 0.537958 0.031427 0.082028
0 0.301669 0.362019 0.025411 0.065389
0 0.317047 0.161699 0.029427 0.052306
0 0.528359 0.221139 0.020062 0.042796
0 0.562797 0.259185 0.024740 0.047556
1 0.086344 0.201528 0.028083 0.067759
1 0.149536 0.488028 0.027417 0.091537
1 0.254859 0.807231 0.037448 0.109370
1 0.378568 0.449986 0.020062 0.070139
1 0.619971 0.474361 0.028089 0.085593
1 0.608604 0.337644 0.024073 0.080843
1 0.499234 0.241079 0.025646 0.061120
2 0.515646 0.266444 0.008854 0.014815
