9 0.490167 0.425505 0.571344 0.747009
7 0.674039 0.256995 0.090214 0.212176
11 0.620688 0.319611 0.023219 0.076407
2 0.802490 0.500991 0.008698 0.016574
0 0.708828 0.494338 0.026052 0.069750
1 0.604195 0.480532 0.023974 0.089231
1 0.541695 0.285463 0.019203 0.068981
1 0.530299 0.205352 0.016578 0.063833
0 0.455714 0.173130 0.016719 0.056963
0 0.486273 0.282699 0.016714 0.070176
1 0.440177 0.257843 0.018990 0.062796
1 0.420495 0.424505 0.019812 0.074731
0 0.432406 0.518426 0.016271 0.083593
1 0.037206 0.379384 0.024359 0.082269
1 0.725143 0.518273 0.032266 0.048213
