1 0.130065 0.221815 0.027859 0.074296
0 0.021914 0.508778 0.034776 0.086778
0 0.036958 0.278741 0.023406 0.073704
0 0.035289 0.092690 0.022734 0.051120
0 0.211492 0.100417 0.019391 0.054685
0 0.278362 0.341745 0.022068 0.064194
0 0.453565 0.272796 0.035443 0.080833
0 0.445542 0.593181 0.027417 0.077269
1 0.083813 0.541806 0.028979 0.084204
1 0.029482 0.128194 0.021734 0.057463
1 0.309500 0.100458 0.017833 0.057454
1 0.293620 0.294630 0.027302 0.073315
1 0.468042 0.521000 0.038448 0.072315
1 0.537419 0.340699 0.032318 0.074306
1 0.509836 0.154944 0.026193 0.063407
1 0.496461 0.027148 0.023964 0.049537
2 0.465049 0.646509 0.009286 0.019259
9 0.849021 0.283259 0.301958 0.565870
