1 0.755029 0.587551 0.023307 0.071824
0 0.537839 0.311236 0.022948 0.065213
1 0.592940 0.486963 0.021620 0.076574
8 0.191042 0.462352 0.382083 0.750667
2 0.348596 0.479481 0.007359 0.013685
0 0.962763 0.734741 0.024984 0.069407
1 0.850771 0.268403 0.017094 0.055250
0 0.844984 0.162796 0.016427 0.049722
0 0.815297 0.539176 0.027167 0.081241
10 0.059164 0.366269 0.020693 0.067093
0 0.265513 0.591042 0.028484 0.087361
1 0.403326 0.118042 0.019516 0.053769
0 0.389826 0.163917 0.020755 0.056778
0 0.376612 0.352718 0.023318 0.069917
1 0.336789 0.459380 0.021443 0.078148
0 0.436539 0.511694 0.021359 0.080926
0 0.426495 0.476921 0.018740 0.075769
1 0.595599 0.277639 0.023823 0.063537
