4 0.668602 0.077690 0.662797 0.031935
2 0.334310 0.460782 0.007380 0.012639
1 0.931505 0.485269 0.029042 0.081463
0 0.979810 0.238713 0.015474 0.058667
1 0.984016 0.311338 0.022958 0.059880
0 0.701641 0.603935 0.027677 0.084389
0 0.676130 0.342745 0.026104 0.065676
1 0.563893 0.421111 0.020599 0.056500
1 0.631419 0.358542 0.022870 0.072120
0 0.560052 0.383324 0.026740 0.065167
0 0.523130 0.403361 0.022219 0.067537
0 0.468479 0.452648 0.025385 0.080278
1 0.528167 0.639306 0.032708 0.089093
0 0.427313 0.711704 0.031760 0.099222
10 0.293185 0.475352 0.026536 0.073000
6 0.154932 0.478532 0.125708 0.266269
8 0.362487 0.601681 0.675078 0.795009
