4 0.500000 0.066352 1.000000 0.002500
0 0.007750 0.414991 0.015500 0.077278
0 0.076688 0.253310 0.019396 0.067769
0 0.196052 0.488699 0.024073 0.082028
0 0.315750 0.432824 0.020062 0.077278
0 0.523049 0.635514 0.025411 0.080843
0 0.593596 0.961250 0.035443 0.071333
0 0.504372 0.302755 0.014672 0.067361
0 0.508115 0.253593 0.017729 0.055574
1 0.366026 0.460403 0.026187 0.076287
1 0.445435 0.173602 0.024516 0.051519
1 0.588370 0.475264 0.027302 0.086194
1 0.773214 0.319407 0.020729 0.067759
1 0.782841 0.088944 0.013995 0.044241
1 0.880083 0.675662 0.033281 0.099065
1 0.982826 0.390843 0.025151 0.074296
2 0.462424 0.367481 0.007109 0.014241
