4 0.595052 0.082444 0.809896 0.022426
2 0.565982 0.417977 0.007380 0.012639
1 0.980958 0.808222 0.026958 0.096593
0 0.982443 0.487917 0.026698 0.076370
1 0.848878 0.455806 0.035557 0.077481
0 0.812943 0.180681 0.015760 0.059194
1 0.803831 0.224065 0.022547 0.046611
0 0.697323 0.528810 0.027677 0.073361
0 0.634492 0.309491 0.022318 0.065667
1 0.563365 0.272255 0.022604 0.065009
1 0.561768 0.404338 0.017495 0.065824
0 0.558076 0.460718 0.027807 0.072139
0 0.448591 0.282060 0.021922 0.055750
0 0.374984 0.560356 0.035625 0.073824
1 0.353115 0.814903 0.034323 0.083250
0 0.386659 0.862981 0.034599 0.104574
10 0.088185 0.515579 0.026536 0.085324
8 0.253797 0.609208 0.502760 0.770583
