1 0.544708 0.097921 0.024740 0.061824
7 0.967997 0.084287 0.064005 0.168574
11 0.939536 0.152560 0.023938 0.054880
9 0.786458 0.233704 0.425188 0.467407
2 0.481393 0.668773 0.009828 0.014935
1 0.473492 0.521676 0.036109 0.089278
1 0.587172 0.283315 0.037448 0.080722
1 0.286255 0.074148 0.026750 0.061815
1 0.272211 0.253060 0.028089 0.074898
1 0.113391 0.208481 0.027417 0.073704
1 0.033482 0.515134 0.032099 0.085472
0 0.498969 0.199921 0.032875 0.063398
0 0.208638 0.335644 0.025078 0.077269
0 0.465836 0.636472 0.034526 0.070778
5 0.500000 0.899778 1.000000 0.036574
