1 0.771503 0.080213 0.014859 0.044574
1 0.980010 0.387736 0.021365 0.080083
1 0.871810 0.659347 0.021359 0.088343
2 0.496146 0.407565 0.007552 0.014167
1 0.585286 0.471944 0.024146 0.078426
1 0.772898 0.326648 0.020432 0.066870
1 0.448992 0.175565 0.021828 0.055315
1 0.371786 0.459931 0.027417 0.076083
0 0.502115 0.249625 0.016021 0.050398
0 0.497539 0.308926 0.018391 0.068352
0 0.503669 0.630898 0.021734 0.078259
0 0.300268 0.434250 0.028422 0.071333
0 0.557721 0.957824 0.026193 0.082222
0 0.176281 0.499634 0.024521 0.087176
0 0.057862 0.255926 0.021734 0.063407
4 0.500745 0.065000 0.998510 0.002500
