0 0.409859 0.118486 0.024875 0.058491
4 0.538307 0.020435 0.923385 0.002685
0 0.014250 0.442324 0.028083 0.084167
0 0.230510 0.485120 0.027281 0.081315
0 0.210047 0.056435 0.021667 0.048500
0 0.198411 0.192671 0.020865 0.055639
0 0.444365 0.522208 0.023271 0.072750
0 0.379286 0.950694 0.045740 0.098611
1 0.134932 0.385403 0.023646 0.072139
1 0.312031 0.285792 0.026333 0.064972
1 0.250651 0.521694 0.023281 0.076796
1 0.551659 0.688463 0.032474 0.079963
1 0.511859 0.349907 0.019969 0.076778
1 0.503966 0.183130 0.017182 0.061889
1 0.550172 0.489019 0.019500 0.071000
2 0.450104 0.562741 0.008802 0.015000
9 0.931240 0.341866 0.137521 0.407769
