4 0.613047 0.081259 0.773906 0.025963
2 0.530341 0.417815 0.007380 0.012648
1 0.979102 0.809870 0.033911 0.096593
1 0.864104 0.519509 0.023896 0.087870
0 0.873693 0.202921 0.018000 0.059194
1 0.914648 0.279940 0.019599 0.053417
0 0.676901 0.588819 0.027677 0.078861
0 0.648742 0.341556 0.022318 0.065667
1 0.507352 0.342014 0.022609 0.065009
1 0.571365 0.375083 0.022865 0.070315
0 0.588591 0.448528 0.037286 0.072130
0 0.444023 0.333051 0.021922 0.055750
0 0.421958 0.545028 0.028115 0.080278
1 0.423919 0.747620 0.027245 0.089093
0 0.382312 0.790370 0.031760 0.099222
10 0.147641 0.492181 0.026542 0.085324
6 0.032940 0.515565 0.065474 0.263870
8 0.280026 0.609185 0.560052 0.781630
