0 0.041247 0.258421 0.022068 0.058250
0 0.165289 0.500347 0.022734 0.057065
0 0.283984 0.421884 0.020729 0.071324
0 0.514357 0.915245 0.032099 0.083213
0 0.493628 0.305977 0.018724 0.063009
0 0.487880 0.244648 0.014271 0.060926
0 0.481138 0.639093 0.032172 0.078130
1 0.388036 0.459931 0.024073 0.063009
4 0.499768 0.063537 0.999536 0.002500
1 0.457583 0.168074 0.016052 0.061815
1 0.592995 0.472407 0.030094 0.073704
1 0.782573 0.326898 0.024073 0.060630
1 0.769479 0.078796 0.013927 0.049537
1 0.974271 0.383426 0.022292 0.078259
1 0.880651 0.651898 0.025635 0.074296
2 0.558156 0.467528 0.008333 0.015000
