1 0.775638 0.085500 0.013932 0.047056
4 0.500180 0.065574 0.998505 0.002500
0 0.065497 0.257116 0.016161 0.067361
0 0.185865 0.493889 0.027302 0.077278
0 0.306789 0.437417 0.027307 0.077278
0 0.509073 0.630602 0.025073 0.077278
0 0.572602 0.962417 0.032880 0.075167
0 0.498208 0.303676 0.017833 0.071333
0 0.503016 0.250056 0.019260 0.053926
1 0.368375 0.459889 0.025073 0.079259
1 0.447320 0.173421 0.026932 0.054491
1 0.585474 0.473509 0.025542 0.088333
1 0.872227 0.662977 0.026932 0.087509
1 0.770297 0.323671 0.016250 0.064398
1 0.979964 0.384764 0.014865 0.072657
2 0.482643 0.390343 0.008182 0.014815
