1 0.311596 0.080329 0.022734 0.065380
5 0.500000 0.895912 1.000000 0.047435
0 0.205273 0.345431 0.025411 0.082028
0 0.553669 0.190884 0.025411 0.063009
0 0.422604 0.701481 0.033438 0.090352
1 0.016372 0.536241 0.032745 0.085593
1 0.127370 0.222394 0.031427 0.076083
1 0.292875 0.262810 0.034771 0.068954
1 0.506526 0.555856 0.031427 0.082028
1 0.618867 0.255676 0.026078 0.071333
1 0.589781 0.108856 0.024073 0.058250
2 0.417357 0.730866 0.009432 0.017491
9 0.773091 0.236380 0.453818 0.472759
11 0.906721 0.146005 0.023068 0.055991
7 0.951682 0.084940 0.093646 0.169880
