4 0.500000 0.111449 1.000000 0.006120
0 0.137674 0.567870 0.033703 0.074185
0 0.034557 0.376000 0.018458 0.081315
0 0.367172 0.328204 0.022469 0.077037
0 0.393253 0.149171 0.026484 0.052787
0 0.540904 0.198389 0.028089 0.054204
0 0.615531 0.251884 0.024875 0.055639
1 0.116302 0.197486 0.020729 0.059435
1 0.190862 0.503602 0.028089 0.091537
1 0.317247 0.809130 0.042797 0.108185
1 0.443633 0.465560 0.021401 0.077269
1 0.656617 0.464968 0.030089 0.080843
1 0.503148 0.233153 0.021401 0.064194
1 0.624185 0.309829 0.025411 0.070139
2 0.506521 0.263426 0.006406 0.010926
