4 0.500000 0.087403 1.000000 0.006120
9 0.945065 0.491005 0.109870 0.501676
0 0.151878 0.168241 0.022734 0.046370
0 0.096039 0.493380 0.022068 0.073704
0 0.200357 0.350722 0.026078 0.071333
0 0.390940 0.357856 0.030089 0.076083
0 0.399297 0.933838 0.037448 0.105806
0 0.501276 0.222926 0.022063 0.048741
0 0.571156 0.292472 0.022740 0.066574
1 0.106406 0.163481 0.024073 0.060630
1 0.267227 0.337648 0.022068 0.054685
1 0.387930 0.571250 0.032099 0.079648
1 0.406320 0.310306 0.026078 0.059444
1 0.669456 0.218167 0.029422 0.036852
1 0.796510 0.330514 0.029427 0.071324
1 0.812560 0.499324 0.038786 0.064204
2 0.425740 0.473509 0.009635 0.017222
