1 0.985831 0.626782 0.022734 0.092731
0 0.034260 0.263602 0.017385 0.067759
0 0.163990 0.572097 0.020062 0.092731
0 0.441839 0.727833 0.030094 0.095111
0 0.446182 0.835421 0.030760 0.093917
0 0.245573 0.386639 0.024073 0.066574
0 0.461565 0.285593 0.025411 0.064204
0 0.471930 0.245769 0.018057 0.058259
1 0.485638 0.457968 0.024078 0.076083
1 0.512719 0.172060 0.016719 0.063009
1 0.731388 0.462727 0.028755 0.083213
1 0.864797 0.334931 0.020062 0.070139
1 0.803943 0.063282 0.017385 0.057065
2 0.586318 0.493028 0.008010 0.014556
4 0.500000 0.063940 1.000000 0.002676
