9 0.499896 0.435421 0.578323 0.759435
7 0.688250 0.260403 0.093208 0.209713
11 0.635456 0.345167 0.025432 0.042426
2 0.721437 0.432657 0.008698 0.016574
1 0.663956 0.437065 0.031630 0.076056
1 0.604557 0.502866 0.018594 0.060009
1 0.532797 0.300500 0.017635 0.066963
1 0.526703 0.242708 0.015552 0.059213
1 0.423427 0.431824 0.017938 0.075611
1 0.368742 0.255546 0.022516 0.061315
1 0.046232 0.419176 0.030870 0.077759
0 0.395359 0.468819 0.028792 0.075954
0 0.491255 0.290083 0.021823 0.075130
0 0.514010 0.185648 0.016250 0.059444
0 0.605029 0.537338 0.024609 0.075954
