0 0.830010 0.730282 0.024979 0.087398
0 0.131539 0.597315 0.028484 0.080111
1 0.311690 0.093856 0.021932 0.052306
0 0.321635 0.134708 0.022792 0.053176
0 0.289760 0.308273 0.026917 0.069917
1 0.219430 0.472588 0.031078 0.074694
0 0.332784 0.552255 0.026839 0.091157
0 0.359526 0.497398 0.028271 0.075759
1 0.503313 0.231806 0.023823 0.063537
0 0.462023 0.288569 0.027203 0.068139
1 0.445448 0.431375 0.026917 0.067861
1 0.575154 0.500097 0.023307 0.071824
0 0.603531 0.533352 0.027167 0.075926
0 0.748638 0.138935 0.019682 0.049722
1 0.749250 0.250491 0.017094 0.055241
8 0.130938 0.425898 0.261875 0.719685
2 0.401966 0.458514 0.007359 0.013676
