1 0.483813 0.161560 0.024240 0.057194
4 0.684503 0.008532 0.630995 0.016898
8 0.271458 0.518731 0.542917 0.801278
2 0.333766 0.460815 0.007365 0.013685
0 0.941286 0.190403 0.019458 0.051250
1 0.942544 0.602190 0.028339 0.088231
1 0.737812 0.554667 0.023948 0.080111
0 0.626852 0.317157 0.020141 0.067259
1 0.671018 0.318838 0.028911 0.070824
0 0.453883 0.474023 0.019578 0.075769
0 0.566125 0.533639 0.025115 0.080926
1 0.487357 0.451801 0.031359 0.067694
0 0.468102 0.425778 0.020880 0.066037
0 0.451680 0.219088 0.024536 0.055250
0 0.407654 0.609190 0.032766 0.074083
10 0.261583 0.399875 0.028292 0.061731
6 0.128260 0.340477 0.113562 0.219250
