0 0.040362 0.264333 0.017109 0.063778
0 0.461849 0.834250 0.021563 0.098148
0 0.454029 0.734412 0.019193 0.089731
0 0.467000 0.283690 0.014260 0.065083
0 0.474956 0.248583 0.017276 0.060704
4 0.500000 0.063843 1.000000 0.002315
0 0.248521 0.384273 0.019417 0.068454
1 0.493331 0.455361 0.013714 0.077519
1 0.519589 0.173356 0.012240 0.059676
1 0.807932 0.062810 0.011375 0.050546
1 0.871768 0.338315 0.015068 0.062685
1 0.746229 0.464690 0.017062 0.080880
0 0.171018 0.570171 0.016786 0.082176
1 0.994104 0.622153 0.011792 0.091491
2 0.500172 0.494685 0.006354 0.013241
