1 0.030073 0.108741 0.023406 0.055870
5 0.500000 0.965694 1.000000 0.021389
0 0.009185 0.485000 0.018370 0.085593
0 0.006174 0.265069 0.012349 0.071324
0 0.024388 0.061190 0.017391 0.053491
0 0.208951 0.096259 0.018724 0.047556
0 0.254422 0.329269 0.028083 0.078463
0 0.475766 0.235347 0.028083 0.071324
0 0.454701 0.596153 0.032766 0.089157
1 0.066852 0.530171 0.028755 0.087972
1 0.122688 0.215139 0.022740 0.068944
1 0.282844 0.269231 0.024740 0.077278
1 0.298560 0.081991 0.025411 0.059444
1 0.528258 0.128949 0.024745 0.077269
1 0.564370 0.309056 0.031427 0.076093
1 0.482117 0.506991 0.038120 0.072519
2 0.484917 0.650468 0.010031 0.020213
9 0.825039 0.258153 0.349922 0.516306
