0 0.031253 0.266213 0.018057 0.054685
0 0.151953 0.507542 0.030760 0.076083
0 0.268643 0.413037 0.018057 0.067759
0 0.464240 0.665657 0.030760 0.083222
0 0.478281 0.884995 0.041458 0.086787
0 0.482135 0.304421 0.019896 0.059861
0 0.476766 0.245824 0.016802 0.061333
1 0.422615 0.458449 0.015323 0.075009
1 0.474023 0.172560 0.016391 0.056380
1 0.639771 0.484019 0.031250 0.069556
1 0.807174 0.333069 0.016120 0.064102
1 0.780867 0.071931 0.014859 0.046231
1 0.985891 0.375736 0.021823 0.075954
1 0.914607 0.638264 0.019505 0.077602
4 0.499964 0.063630 0.998375 0.002500
2 0.625573 0.502407 0.008594 0.015556
