4 0.693008 0.068181 0.613984 0.031935
2 0.178013 0.518569 0.007380 0.012639
1 0.948534 0.453417 0.024995 0.081907
0 0.976388 0.252259 0.018234 0.058667
1 0.983755 0.310190 0.018583 0.059880
0 0.671333 0.554454 0.026604 0.084389
0 0.672122 0.347889 0.020984 0.065667
1 0.551161 0.401111 0.028500 0.060907
1 0.629010 0.373255 0.022885 0.066269
0 0.510260 0.351806 0.026740 0.065167
0 0.481052 0.408704 0.024896 0.071963
0 0.464781 0.428199 0.025385 0.077139
1 0.524008 0.555931 0.027047 0.079676
0 0.417294 0.629005 0.031766 0.087546
10 0.328411 0.524940 0.046719 0.045861
6 0.223068 0.443940 0.112115 0.246417
8 0.430341 0.591968 0.651911 0.811750
