10 0.253951 0.394935 0.023391 0.067981
4 0.683620 0.008958 0.632760 0.016898
8 0.267760 0.514838 0.535312 0.801287
2 0.406474 0.463685 0.007365 0.013685
0 0.944099 0.192005 0.019458 0.051250
1 0.940435 0.609148 0.023307 0.082833
1 0.747357 0.557000 0.023943 0.076574
0 0.630305 0.317157 0.020141 0.067259
1 0.680344 0.318347 0.028917 0.070824
0 0.468263 0.475380 0.019578 0.075759
0 0.556411 0.531194 0.025115 0.080926
1 0.486117 0.452236 0.031359 0.051472
0 0.473310 0.414000 0.020880 0.047741
0 0.459732 0.214125 0.024536 0.055250
1 0.489182 0.158903 0.024240 0.057194
0 0.407654 0.607866 0.032766 0.074083
6 0.119021 0.339486 0.113563 0.219250
