1 0.935320 0.186875 0.018391 0.061417
4 0.499982 0.096759 0.999964 0.002500
0 0.245201 0.655130 0.025411 0.095111
0 0.270612 0.453032 0.021401 0.080843
0 0.281979 0.255097 0.033437 0.058250
0 0.414719 0.496421 0.032771 0.086787
0 0.514690 0.440551 0.029422 0.082028
0 0.710289 0.271144 0.022068 0.068954
0 0.763451 0.407264 0.025411 0.089157
0 0.831656 0.710412 0.024073 0.098676
1 0.469888 0.520796 0.025411 0.073704
1 0.483763 0.229843 0.025370 0.053519
1 0.762292 0.571259 0.027865 0.085204
1 0.887115 0.338449 0.024521 0.067361
2 0.467568 0.250731 0.008281 0.012500
