1 0.560557 0.316306 0.030760 0.077278
1 0.481651 0.503486 0.024073 0.069065
5 0.499547 0.976931 0.999094 0.021398
1 0.286388 0.273509 0.034776 0.086778
1 0.299763 0.083301 0.029422 0.058250
1 0.035286 0.111241 0.023406 0.054685
1 0.125898 0.212880 0.028089 0.072519
1 0.071398 0.533204 0.028755 0.083333
0 0.454073 0.599954 0.039323 0.082741
0 0.474536 0.237606 0.024073 0.065620
0 0.257875 0.330333 0.027281 0.077037
0 0.207719 0.094949 0.024875 0.054213
0 0.028773 0.064278 0.016849 0.049926
0 0.008570 0.261861 0.017141 0.071333
0 0.009773 0.490824 0.019547 0.072759
9 0.829909 0.263032 0.340182 0.526065
2 0.481807 0.649676 0.009292 0.017889
1 0.495023 0.017579 0.022734 0.035157
1 0.526120 0.132639 0.020729 0.066574
