1 0.736167 0.560028 0.028083 0.096296
4 0.500034 0.092111 0.999932 0.002500
0 0.214026 0.636699 0.028083 0.101287
0 0.235693 0.437699 0.021667 0.082750
0 0.253747 0.252241 0.017651 0.065630
0 0.387755 0.485491 0.025677 0.081315
0 0.484451 0.433417 0.028089 0.085593
0 0.675833 0.263653 0.020865 0.065620
0 0.720370 0.387056 0.020062 0.087019
0 0.788982 0.705894 0.032099 0.097009
1 0.456979 0.502366 0.027417 0.071324
1 0.472362 0.221199 0.018057 0.062972
1 0.866563 0.334148 0.024073 0.072519
1 0.907357 0.176037 0.022734 0.065389
2 0.458224 0.254977 0.008021 0.013231
