0 0.027865 0.203963 0.030760 0.073704
0 0.087380 0.357319 0.028083 0.064194
0 0.016831 0.625398 0.030089 0.084407
0 0.215102 0.145120 0.014714 0.048741
0 0.385289 0.024454 0.022068 0.042796
0 0.430760 0.400713 0.020729 0.077278
0 0.319755 0.382287 0.019396 0.061815
0 0.472555 0.692569 0.033432 0.076083
1 0.078687 0.609944 0.028083 0.086778
1 0.140208 0.302042 0.028083 0.077269
1 0.320424 0.174245 0.023401 0.064194
1 0.299695 0.384069 0.019391 0.065380
1 0.501979 0.239037 0.021396 0.060630
1 0.489943 0.093403 0.021396 0.057065
1 0.529732 0.409032 0.026078 0.063009
1 0.481583 0.602810 0.030094 0.089157
2 0.461057 0.704454 0.007812 0.013889
9 0.897357 0.326343 0.205286 0.567778
