9 0.507229 0.427981 0.578323 0.753519
7 0.692875 0.257199 0.093208 0.209713
2 0.711552 0.397250 0.008698 0.016574
11 0.645021 0.343301 0.023406 0.041065
1 0.653510 0.419343 0.027875 0.072796
1 0.609049 0.501991 0.020859 0.085463
1 0.422732 0.424375 0.031630 0.072769
1 0.536154 0.295380 0.020193 0.064796
1 0.529328 0.250185 0.014156 0.057222
1 0.358005 0.244630 0.016385 0.054074
1 0.056820 0.422287 0.032401 0.076167
0 0.395370 0.464222 0.026698 0.070167
0 0.588474 0.537491 0.030573 0.069481
0 0.501789 0.290167 0.022057 0.063296
0 0.522685 0.180778 0.016641 0.060537
