4 0.652216 0.083634 0.695568 0.031935
2 0.486151 0.440694 0.007375 0.012648
1 0.915615 0.508361 0.031292 0.087870
0 0.958094 0.231630 0.015479 0.058667
1 0.987753 0.314546 0.019599 0.059870
0 0.692365 0.616602 0.027677 0.084389
0 0.667891 0.346306 0.026104 0.065667
1 0.537206 0.407727 0.020599 0.065065
1 0.622563 0.358708 0.022865 0.072120
0 0.572091 0.413574 0.027630 0.078630
0 0.518474 0.402523 0.022219 0.055750
0 0.449190 0.491370 0.033120 0.080278
1 0.514172 0.689056 0.032708 0.089093
0 0.394979 0.761120 0.031760 0.099222
10 0.256310 0.484190 0.026536 0.085324
6 0.105370 0.505634 0.136042 0.274491
8 0.332724 0.605005 0.665448 0.789991
