9 0.531870 0.327875 0.548344 0.654250
7 0.708268 0.171176 0.085995 0.195352
11 0.687591 0.244218 0.026078 0.065639
0 0.023771 0.048796 0.023406 0.059444
0 0.434690 0.373935 0.025411 0.077278
0 0.553052 0.497569 0.037448 0.074898
0 0.536667 0.211069 0.023406 0.058250
0 0.554055 0.099319 0.020734 0.053491
1 0.098664 0.302009 0.023401 0.078463
1 0.307302 0.142116 0.019396 0.055880
1 0.440375 0.318653 0.019396 0.076083
1 0.471802 0.197991 0.027417 0.060630
1 0.552383 0.207500 0.017391 0.055870
1 0.575120 0.369773 0.021396 0.080843
1 0.633630 0.292505 0.023406 0.064194
2 0.616284 0.349778 0.008391 0.015556
