4 0.695682 0.072940 0.608635 0.031935
2 0.163701 0.505296 0.007380 0.012648
1 0.962417 0.454815 0.021417 0.076296
0 0.993510 0.244667 0.012979 0.058667
1 0.994839 0.305838 0.010323 0.059880
0 0.697620 0.557204 0.026604 0.084389
0 0.692831 0.339185 0.020984 0.065667
1 0.579344 0.412102 0.024063 0.060907
1 0.653125 0.360250 0.019792 0.062796
0 0.546648 0.355699 0.026745 0.065176
0 0.514615 0.407301 0.023958 0.071972
0 0.487497 0.425181 0.025380 0.077139
1 0.540081 0.564005 0.027047 0.079676
0 0.442068 0.635583 0.031760 0.087537
10 0.346289 0.493708 0.044818 0.081194
6 0.223068 0.443667 0.131448 0.246426
8 0.434862 0.591968 0.651911 0.811750
