1 0.509286 0.173685 0.018948 0.066370
0 0.031997 0.264829 0.020620 0.062417
0 0.163510 0.570949 0.023958 0.092139
0 0.249049 0.392625 0.023401 0.066380
0 0.443810 0.727968 0.032880 0.095102
0 0.446596 0.839421 0.036224 0.080250
0 0.459971 0.288606 0.022849 0.066380
0 0.473904 0.249472 0.018391 0.061426
4 0.500000 0.063741 1.000000 0.002500
2 0.605891 0.492380 0.008646 0.015741
1 0.802685 0.066199 0.019505 0.055472
1 0.980169 0.627417 0.022286 0.088167
1 0.482818 0.461972 0.023958 0.078259
1 0.860638 0.337644 0.019505 0.071324
1 0.724109 0.465935 0.027302 0.084204
