0 0.935263 0.186829 0.019464 0.051250
1 0.734357 0.548806 0.023943 0.076574
0 0.622737 0.316569 0.020141 0.067269
1 0.680281 0.311995 0.028917 0.070824
0 0.475023 0.476736 0.019578 0.075769
0 0.540641 0.527537 0.025115 0.080926
1 0.467029 0.442597 0.031359 0.051472
0 0.473258 0.405403 0.023349 0.062157
0 0.455331 0.209162 0.024536 0.055250
1 0.482990 0.153208 0.024240 0.057194
0 0.394664 0.594014 0.032766 0.066176
10 0.236583 0.391708 0.023385 0.067991
6 0.103253 0.332514 0.119349 0.219250
8 0.260505 0.505611 0.515135 0.792111
1 0.927789 0.605222 0.023307 0.089481
