4 0.500000 0.070917 1.000000 0.006111
9 0.948208 0.414444 0.103583 0.423222
0 0.115698 0.171926 0.027417 0.059444
0 0.174211 0.416227 0.022734 0.072509
0 0.232383 0.318157 0.028099 0.071315
0 0.428990 0.330037 0.030760 0.066574
0 0.474128 0.225421 0.019391 0.061824
0 0.629602 0.277139 0.029422 0.079648
0 0.429992 0.790704 0.031432 0.091537
1 0.011542 0.359755 0.023083 0.076083
1 0.303273 0.324093 0.029422 0.066574
1 0.428320 0.256926 0.028089 0.053500
1 0.445372 0.493500 0.026078 0.070148
1 0.701823 0.176685 0.024073 0.054685
1 0.761672 0.305074 0.020729 0.061815
1 0.808146 0.467940 0.034771 0.087972
1 0.690120 0.947625 0.043469 0.082028
2 0.448125 0.534222 0.008854 0.015648
