0 0.008070 0.042407 0.016047 0.055870
0 0.200995 0.091144 0.023406 0.063009
0 0.236771 0.323560 0.030760 0.073713
11 0.985526 0.166639 0.028750 0.054167
2 0.489026 0.650824 0.008594 0.015556
9 0.814021 0.246167 0.371958 0.482185
5 0.500000 0.934079 1.000000 0.025083
1 0.478505 0.507231 0.023406 0.084407
1 0.566109 0.299782 0.038115 0.073713
1 0.529661 0.111949 0.017385 0.061824
1 0.277560 0.258176 0.032099 0.071333
1 0.290935 0.073907 0.025411 0.059444
1 0.010724 0.097685 0.021448 0.057056
1 0.118742 0.208245 0.031432 0.073713
1 0.058224 0.520310 0.030760 0.093917
0 0.455102 0.594014 0.035443 0.086787
0 0.482854 0.216569 0.020062 0.064194
