1 0.271206 0.250088 0.029422 0.074898
1 0.036492 0.505685 0.033432 0.098667
0 0.459115 0.623380 0.034771 0.077278
0 0.495227 0.203130 0.036109 0.066574
0 0.211693 0.332116 0.025406 0.070139
5 0.500052 0.900449 0.999896 0.034065
1 0.288930 0.072958 0.022068 0.055880
9 0.791974 0.234106 0.415156 0.468213
11 0.948206 0.151560 0.021922 0.055491
1 0.540365 0.097921 0.034104 0.058250
1 0.585836 0.289324 0.028755 0.084407
1 0.470148 0.519356 0.036776 0.083213
2 0.483479 0.663426 0.009635 0.015463
7 0.971917 0.086949 0.056167 0.173898
1 0.113393 0.207296 0.026745 0.067759
