0 0.039417 0.262782 0.021396 0.065380
0 0.170484 0.573060 0.021396 0.086787
0 0.250396 0.386417 0.020729 0.077278
0 0.450003 0.731769 0.022734 0.090352
0 0.458698 0.834602 0.026750 0.098667
0 0.467057 0.287745 0.020729 0.074898
0 0.474411 0.249704 0.019396 0.065389
1 0.519549 0.171838 0.020057 0.064194
1 0.495141 0.463690 0.020729 0.074898
1 0.745906 0.463690 0.020729 0.093917
1 0.871958 0.335301 0.020062 0.070139
1 0.809768 0.061278 0.016047 0.061815
1 0.992484 0.628935 0.015031 0.098667
2 0.503370 0.494167 0.006458 0.012407
4 0.500000 0.063870 1.000000 0.002315
