9 0.491026 0.424171 0.571344 0.747009
7 0.676453 0.253819 0.090208 0.212176
11 0.618961 0.316435 0.023214 0.076407
2 0.805771 0.492519 0.008698 0.016574
1 0.726409 0.513481 0.024505 0.053759
0 0.715531 0.490458 0.018781 0.069750
1 0.605206 0.472963 0.023974 0.089222
1 0.550305 0.287880 0.019203 0.068981
1 0.530102 0.204083 0.016578 0.063833
0 0.454482 0.167250 0.016714 0.056963
0 0.486604 0.277750 0.016719 0.070167
1 0.443615 0.256569 0.018990 0.062787
1 0.421859 0.423236 0.019812 0.074731
0 0.445167 0.529134 0.016271 0.071620
1 0.039607 0.367986 0.024359 0.087787
