7 0.965198 0.085611 0.069604 0.171222
5 0.500133 0.900046 0.999734 0.039463
0 0.205005 0.335208 0.023406 0.073713
0 0.503250 0.198495 0.020729 0.061824
0 0.458396 0.646546 0.024104 0.076722
1 0.027997 0.516144 0.032766 0.076083
1 0.111919 0.208245 0.018724 0.076083
1 0.289130 0.073907 0.017385 0.054685
1 0.271409 0.258176 0.024745 0.071333
1 0.548586 0.100657 0.022734 0.063000
1 0.593393 0.284329 0.025411 0.076083
1 0.473693 0.525060 0.030760 0.082028
2 0.471609 0.678926 0.009219 0.016574
9 0.783646 0.233921 0.432708 0.467843
11 0.931526 0.151713 0.022771 0.052963
