4 0.594383 0.083639 0.811234 0.022426
2 0.567602 0.424532 0.007380 0.012639
1 0.980958 0.809046 0.026958 0.096593
0 0.975477 0.492046 0.026703 0.076370
1 0.856266 0.450630 0.035552 0.077481
0 0.808081 0.181319 0.015766 0.059194
1 0.794615 0.218500 0.022552 0.046611
0 0.697016 0.519468 0.027677 0.073361
0 0.638945 0.303949 0.022318 0.065676
1 0.568484 0.270736 0.022604 0.065009
1 0.558341 0.406778 0.017495 0.065815
0 0.550195 0.465352 0.021099 0.072130
0 0.456315 0.278144 0.021922 0.055750
0 0.376120 0.556324 0.035625 0.073833
1 0.353935 0.808134 0.039755 0.081324
0 0.395359 0.867694 0.034604 0.104574
10 0.087276 0.515579 0.026542 0.085324
8 0.251380 0.610884 0.502760 0.770583
