4 0.500000 0.072676 1.000000 0.006111
9 0.947513 0.428208 0.104974 0.437954
0 0.122854 0.172278 0.027417 0.060630
0 0.162307 0.426093 0.020729 0.080833
0 0.219815 0.315532 0.022068 0.068954
0 0.420763 0.328019 0.033432 0.060630
0 0.477271 0.223995 0.027417 0.061824
0 0.621042 0.276898 0.024740 0.070148
0 0.431797 0.814833 0.030094 0.085593
1 0.296049 0.329204 0.028755 0.067759
1 0.430128 0.265009 0.032099 0.055870
1 0.695268 0.175255 0.022068 0.057065
1 0.765148 0.303051 0.028089 0.067769
1 0.809281 0.481375 0.030760 0.086787
1 0.433135 0.493264 0.026083 0.086787
1 0.701956 0.963292 0.031432 0.073417
2 0.441547 0.531954 0.009115 0.019537
