4 0.499891 0.069560 0.999781 0.003472
0 0.519406 0.438606 0.031323 0.058065
1 0.441745 0.251403 0.027344 0.058306
2 0.553307 0.464694 0.009510 0.014907
9 0.902763 0.489255 0.194474 0.583343
1 0.386445 0.359519 0.021266 0.067389
1 0.364456 0.859856 0.044495 0.083898
0 0.352292 0.188505 0.024427 0.055491
1 0.256635 0.366917 0.027771 0.057648
0 0.171138 0.385616 0.026214 0.072287
1 0.225849 0.644102 0.040448 0.078759
1 0.017453 0.476884 0.034906 0.080583
0 0.006344 0.257741 0.012687 0.058259
0 0.092091 0.101093 0.019953 0.052519
1 0.520180 0.488426 0.033349 0.070556
