4 0.695682 0.070560 0.608635 0.031935
2 0.166815 0.497829 0.007380 0.012639
1 0.966003 0.454213 0.029036 0.081463
0 0.994901 0.243019 0.010198 0.058667
0 0.704979 0.558852 0.026604 0.084389
0 0.696063 0.341954 0.020990 0.065667
1 0.588120 0.417370 0.024063 0.056500
1 0.659635 0.358829 0.019792 0.062787
0 0.556862 0.358130 0.026745 0.065167
0 0.525646 0.403940 0.023958 0.071972
0 0.494458 0.423759 0.025385 0.061704
1 0.545188 0.569718 0.027042 0.079676
0 0.448688 0.639088 0.031760 0.093213
10 0.349125 0.480699 0.044823 0.081194
6 0.224880 0.443273 0.126219 0.246417
8 0.434294 0.592972 0.651911 0.811759
