0 0.019706 0.503542 0.036109 0.099861
0 0.030740 0.074981 0.018052 0.048741
0 0.212294 0.092810 0.021401 0.053491
0 0.271141 0.337708 0.020063 0.077269
0 0.467070 0.253894 0.025411 0.073713
0 0.451357 0.593301 0.036776 0.084398
1 0.038094 0.114213 0.034104 0.060630
1 0.130714 0.215856 0.028083 0.076083
1 0.080224 0.537426 0.023406 0.086778
1 0.292539 0.281833 0.025411 0.079648
1 0.307253 0.091028 0.018724 0.061815
1 0.521570 0.145116 0.019391 0.063009
1 0.497164 0.022926 0.033432 0.045852
1 0.544643 0.328199 0.042797 0.082028
1 0.477771 0.507111 0.034771 0.078463
0 0.024724 0.278861 0.027417 0.083222
2 0.468193 0.643657 0.008177 0.014537
9 0.839427 0.274106 0.321146 0.542102
