1 0.414987 0.270681 0.027349 0.058306
1 0.341836 0.376370 0.026807 0.067389
1 0.408036 0.466880 0.030906 0.076222
0 0.498003 0.422949 0.029516 0.070602
2 0.512336 0.449954 0.009516 0.014907
9 0.725885 0.595921 0.545927 0.808157
4 0.386096 0.061963 0.772193 0.010463
10 0.964008 0.469639 0.070734 0.262093
11 0.854568 0.506315 0.021563 0.075963
0 0.027378 0.095583 0.018568 0.050741
1 0.130505 0.670120 0.040448 0.078759
0 0.031891 0.386806 0.030625 0.072296
1 0.179586 0.382421 0.027776 0.057657
0 0.315786 0.169514 0.024427 0.055491
1 0.362721 0.865333 0.044495 0.090778
