4 0.631771 0.078880 0.736458 0.025963
2 0.526831 0.428051 0.007380 0.012639
1 0.892099 0.533046 0.031292 0.087870
0 0.912484 0.215880 0.015479 0.055481
1 0.972935 0.301259 0.019599 0.059870
0 0.676438 0.613833 0.027677 0.078852
0 0.656091 0.345907 0.022318 0.065667
1 0.515599 0.372343 0.022604 0.064444
1 0.603135 0.387731 0.022865 0.072130
0 0.589143 0.438056 0.034932 0.061093
0 0.483260 0.370866 0.021927 0.055750
0 0.444430 0.528083 0.033120 0.080278
1 0.441346 0.752944 0.032714 0.089093
0 0.388740 0.787009 0.031760 0.099222
10 0.197690 0.496236 0.026536 0.085324
6 0.057857 0.515319 0.115224 0.277898
8 0.303552 0.610023 0.607104 0.779954
