1 0.386898 0.736412 0.036609 0.088102
9 0.597055 0.588968 0.688193 0.816306
2 0.758031 0.381556 0.009510 0.014907
0 0.473258 0.451292 0.029516 0.070602
1 0.383740 0.456917 0.030906 0.076222
1 0.405633 0.412528 0.026807 0.067389
1 0.422479 0.334171 0.025479 0.065398
0 0.346628 0.201060 0.024432 0.055491
1 0.187612 0.381278 0.027776 0.057648
0 0.019453 0.390847 0.030625 0.072287
1 0.152656 0.673889 0.040448 0.078759
11 0.616581 0.466606 0.037359 0.067009
10 0.812487 0.460190 0.122922 0.265231
4 0.318669 0.046111 0.637339 0.010463
