4 0.606695 0.081259 0.786609 0.025963
2 0.536013 0.412694 0.007380 0.012648
1 0.965172 0.814824 0.033917 0.096593
1 0.860745 0.512343 0.023896 0.087870
0 0.860464 0.196838 0.018000 0.059194
1 0.896091 0.274671 0.019599 0.053417
0 0.675664 0.583324 0.027682 0.078852
0 0.643398 0.336407 0.022318 0.065667
1 0.510195 0.326343 0.022609 0.065019
1 0.569651 0.376912 0.025594 0.065824
0 0.587357 0.452671 0.037286 0.072139
0 0.435672 0.323523 0.021927 0.055750
0 0.413107 0.547852 0.028120 0.080278
1 0.414932 0.754398 0.027240 0.089093
0 0.377206 0.793394 0.031766 0.099231
10 0.125854 0.491773 0.026542 0.085324
6 0.025443 0.499329 0.050885 0.227083
8 0.272969 0.610861 0.545938 0.778278
