4 0.601680 0.082449 0.796641 0.025954
2 0.553023 0.402458 0.007380 0.012639
1 0.953099 0.818954 0.026958 0.096593
1 0.855372 0.492037 0.023901 0.071537
0 0.841833 0.193319 0.018000 0.059194
1 0.866198 0.261153 0.022552 0.050917
0 0.673654 0.569574 0.027682 0.078852
0 0.637383 0.326514 0.022318 0.065676
1 0.521568 0.312694 0.022604 0.065019
1 0.565310 0.377931 0.017495 0.065824
0 0.583794 0.458278 0.037286 0.072130
0 0.429841 0.312319 0.021922 0.055750
0 0.394503 0.551477 0.028120 0.080269
1 0.395872 0.771833 0.027245 0.089093
0 0.361888 0.814574 0.031766 0.099222
10 0.108607 0.495810 0.026536 0.085324
6 0.016589 0.479972 0.033177 0.184500
8 0.264732 0.610861 0.529464 0.778278
