0 0.040914 0.264042 0.018453 0.069898
0 0.174523 0.574324 0.033703 0.088444
0 0.448958 0.733384 0.024073 0.084176
0 0.456984 0.826829 0.022469 0.099861
0 0.247547 0.383875 0.019260 0.072750
0 0.465411 0.282588 0.020062 0.067046
0 0.475042 0.246921 0.020062 0.058491
1 0.491089 0.455204 0.018458 0.072759
1 0.519576 0.169884 0.014443 0.061343
1 0.744260 0.460907 0.019260 0.092722
1 0.808859 0.059329 0.015250 0.054213
1 0.871451 0.338222 0.018453 0.069907
1 0.992109 0.623542 0.015781 0.098435
2 0.500318 0.494347 0.007187 0.014083
4 0.500000 0.063694 1.000000 0.002593
