9 0.531354 0.336264 0.551667 0.666176
7 0.706227 0.175750 0.085995 0.195352
11 0.684422 0.249829 0.022510 0.067750
0 0.024438 0.054620 0.017385 0.049926
0 0.428339 0.377977 0.026750 0.073713
0 0.560742 0.108708 0.026745 0.058250
0 0.534846 0.218338 0.020422 0.064491
1 0.094318 0.311287 0.020062 0.083222
1 0.307302 0.148421 0.020729 0.057065
1 0.438034 0.325551 0.021401 0.078454
1 0.480161 0.207861 0.026750 0.066574
1 0.552716 0.212616 0.015380 0.049935
1 0.633966 0.298208 0.028089 0.064194
1 0.579466 0.384398 0.022068 0.077278
2 0.625385 0.323241 0.008333 0.016852
0 0.556966 0.502134 0.038964 0.079231
