4 0.395849 0.061963 0.791698 0.010463
9 0.741411 0.597403 0.517177 0.805194
2 0.513341 0.450944 0.009516 0.014907
0 0.499229 0.422949 0.029510 0.070602
1 0.423016 0.463921 0.030906 0.076213
1 0.343224 0.373491 0.026813 0.067389
1 0.415656 0.265681 0.027344 0.058306
1 0.361760 0.868417 0.044490 0.090778
0 0.316344 0.171000 0.024427 0.055481
1 0.181193 0.381278 0.027771 0.057648
0 0.041521 0.387991 0.030625 0.072296
1 0.133005 0.669435 0.040448 0.078759
0 0.036977 0.094755 0.018568 0.050731
11 0.881750 0.508778 0.021563 0.075963
10 0.976367 0.438199 0.046016 0.198787
