0 0.470794 0.245051 0.024536 0.055250
0 0.443094 0.624699 0.028490 0.087361
6 0.210552 0.357398 0.115271 0.222907
10 0.331711 0.447130 0.046307 0.049259
4 0.682279 0.023389 0.635443 0.027963
8 0.353693 0.548676 0.553635 0.835315
2 0.157570 0.436926 0.007359 0.013685
0 0.977424 0.210745 0.024484 0.052361
1 0.779451 0.558458 0.032870 0.080102
0 0.657292 0.323884 0.022135 0.067269
1 0.697826 0.352509 0.024130 0.074204
0 0.463979 0.484014 0.026552 0.078287
0 0.633318 0.561468 0.025115 0.080917
1 0.544724 0.481097 0.029323 0.071806
0 0.490187 0.457454 0.027448 0.072407
1 0.551896 0.191120 0.023021 0.060389
