7 0.976591 0.081861 0.046818 0.160815
1 0.115198 0.207532 0.031427 0.071324
1 0.043648 0.506458 0.028755 0.084287
0 0.492352 0.202181 0.022068 0.063009
0 0.218180 0.329384 0.022068 0.063009
0 0.460919 0.607565 0.026078 0.079648
5 0.500057 0.901083 0.999885 0.032574
11 0.957060 0.150852 0.020849 0.052796
9 0.795578 0.239148 0.408281 0.475907
2 0.485036 0.656329 0.009896 0.014454
1 0.473625 0.514245 0.030094 0.076083
1 0.577943 0.287181 0.031427 0.076083
1 0.538490 0.097565 0.024740 0.065389
1 0.288393 0.071412 0.026078 0.060620
1 0.269669 0.247954 0.035443 0.073704
