1 0.516958 0.151417 0.022740 0.065389
0 0.018437 0.502116 0.031427 0.082028
0 0.029471 0.279810 0.025411 0.082028
0 0.033482 0.081875 0.022734 0.045176
0 0.212695 0.100324 0.020057 0.055833
0 0.272211 0.340444 0.022734 0.072519
0 0.459784 0.260787 0.036776 0.072519
0 0.450089 0.596630 0.037448 0.083222
1 0.082299 0.542537 0.025411 0.089167
1 0.131115 0.217398 0.024073 0.073704
1 0.033818 0.122889 0.024740 0.055870
1 0.309659 0.099111 0.021401 0.063000
1 0.291938 0.285755 0.019396 0.065380
1 0.474503 0.511037 0.032755 0.078463
1 0.546383 0.337468 0.032099 0.076083
1 0.495893 0.025481 0.030089 0.050963
2 0.462531 0.642250 0.009062 0.015204
9 0.843180 0.275657 0.310547 0.551315
