0 0.936841 0.726486 0.024984 0.087398
8 0.177865 0.455454 0.355729 0.743352
2 0.348596 0.479630 0.007359 0.013685
1 0.828565 0.261440 0.017089 0.055250
0 0.827083 0.158931 0.016427 0.049731
0 0.770609 0.547699 0.027167 0.075917
1 0.715076 0.567032 0.023307 0.071824
1 0.559964 0.472574 0.021615 0.076574
0 0.522344 0.309287 0.022948 0.065222
1 0.577224 0.272519 0.023823 0.063537
0 0.410370 0.483356 0.018740 0.075769
0 0.412542 0.523889 0.021354 0.080926
1 0.309589 0.471981 0.021448 0.078148
0 0.354318 0.338741 0.023312 0.069907
0 0.374148 0.156282 0.019359 0.053176
1 0.383456 0.111838 0.019516 0.053769
0 0.231370 0.597315 0.028490 0.080111
10 0.029164 0.359338 0.020693 0.067083
