1 0.978518 0.372546 0.018130 0.068148
0 0.074203 0.591380 0.028490 0.080111
1 0.301716 0.064338 0.021932 0.052306
0 0.297260 0.116764 0.022792 0.053176
0 0.269529 0.288116 0.026922 0.069917
1 0.190518 0.455519 0.031078 0.069981
0 0.294388 0.568505 0.026839 0.091157
0 0.348500 0.490963 0.028271 0.075759
1 0.472596 0.207671 0.023828 0.063528
0 0.431430 0.266866 0.018130 0.068139
1 0.405724 0.421727 0.026208 0.069287
1 0.532911 0.470347 0.023312 0.071824
0 0.564557 0.492449 0.035469 0.075917
0 0.699138 0.127602 0.019682 0.049722
1 0.716776 0.231912 0.017094 0.055250
8 0.110156 0.357412 0.220312 0.618139
2 0.456424 0.464903 0.007359 0.013676
0 0.990492 0.322394 0.019016 0.068139
0 0.780833 0.744069 0.028333 0.097398
