7 0.958589 0.085611 0.082500 0.170074
5 0.500000 0.899773 1.000000 0.039231
0 0.200458 0.342579 0.025406 0.082028
0 0.516424 0.194574 0.039453 0.068944
0 0.439188 0.664750 0.020062 0.089167
1 0.019440 0.522269 0.033432 0.090463
1 0.115062 0.212639 0.030760 0.072519
1 0.292940 0.078903 0.026745 0.059435
1 0.276893 0.260731 0.036109 0.080722
1 0.482185 0.536593 0.037443 0.090352
1 0.600211 0.269708 0.031432 0.077269
1 0.561091 0.101431 0.029422 0.071213
2 0.450068 0.702815 0.009792 0.016667
9 0.779159 0.232292 0.438839 0.464583
11 0.919456 0.146639 0.022859 0.055037
