1 0.887094 0.683662 0.034771 0.095102
1 0.987734 0.397157 0.023406 0.078463
4 0.500008 0.067074 0.999984 0.002500
0 0.087870 0.249685 0.016219 0.064389
0 0.018771 0.411662 0.027365 0.087176
0 0.008146 0.531037 0.016292 0.076278
0 0.207680 0.485468 0.022901 0.080250
0 0.323313 0.436926 0.021229 0.082222
0 0.536182 0.636546 0.026802 0.083222
0 0.612805 0.962912 0.027359 0.074176
0 0.508599 0.304667 0.020677 0.075296
0 0.513664 0.253236 0.011797 0.055676
2 0.450958 0.352565 0.006875 0.013056
1 0.367841 0.458977 0.024745 0.078454
1 0.441065 0.170093 0.021401 0.047556
1 0.591190 0.478000 0.028755 0.085593
1 0.774417 0.318699 0.018052 0.068954
1 0.786120 0.092231 0.016052 0.048741
