4 0.686320 0.074125 0.627359 0.031935
2 0.231820 0.479310 0.007380 0.012639
1 0.956820 0.459787 0.029036 0.081463
0 0.993250 0.237565 0.013500 0.058667
1 0.994901 0.306986 0.010198 0.059880
0 0.712612 0.575898 0.035089 0.084389
0 0.694612 0.340769 0.026099 0.065667
1 0.587500 0.418907 0.024062 0.056500
1 0.653073 0.355176 0.019792 0.062796
0 0.561695 0.366074 0.026745 0.065167
0 0.532740 0.400301 0.023958 0.071972
0 0.491398 0.438528 0.025380 0.080278
1 0.544807 0.592241 0.027042 0.079667
0 0.447359 0.670690 0.031760 0.093213
10 0.329888 0.454486 0.038974 0.053065
6 0.206740 0.453329 0.116208 0.252046
8 0.409313 0.597282 0.658104 0.805435
