4 0.312539 0.047102 0.625078 0.010463
9 0.584401 0.591009 0.688188 0.816315
2 0.780021 0.380986 0.009510 0.014917
0 0.468898 0.454579 0.029984 0.073620
1 0.382542 0.463310 0.030906 0.076213
1 0.406328 0.418287 0.026813 0.067389
1 0.421141 0.339167 0.025479 0.065407
1 0.388151 0.739319 0.036604 0.088102
0 0.342820 0.207333 0.024432 0.055481
1 0.186328 0.382139 0.027771 0.057648
0 0.015437 0.396792 0.030625 0.072287
1 0.148417 0.674917 0.040448 0.078759
11 0.602568 0.475981 0.042083 0.058630
10 0.799893 0.462245 0.122922 0.265231
