9 0.530615 0.325426 0.540313 0.645648
7 0.707820 0.171486 0.085995 0.195361
11 0.686786 0.241708 0.026073 0.063435
0 0.020492 0.044042 0.022068 0.049935
0 0.436430 0.370370 0.024745 0.072519
0 0.537070 0.211662 0.025411 0.061824
0 0.548438 0.096944 0.021396 0.055870
0 0.551781 0.498736 0.030760 0.079694
1 0.102409 0.294287 0.026745 0.077278
1 0.308370 0.142713 0.020063 0.066574
1 0.465854 0.201560 0.020729 0.070139
1 0.440107 0.311523 0.022734 0.076083
1 0.570839 0.354917 0.020729 0.067759
1 0.629016 0.284176 0.024740 0.066574
1 0.553453 0.203935 0.019396 0.051111
2 0.604271 0.385407 0.009479 0.016389
