4 0.499443 0.112301 0.998885 0.006120
0 0.018828 0.400676 0.024875 0.085593
0 0.109505 0.559741 0.047344 0.084167
0 0.342620 0.340046 0.027281 0.067056
0 0.365487 0.151028 0.029693 0.048500
0 0.538016 0.201671 0.018458 0.052787
0 0.597396 0.258731 0.024875 0.055630
1 0.107901 0.203097 0.029687 0.072750
1 0.178518 0.494829 0.031297 0.099861
1 0.294875 0.812958 0.045740 0.111269
1 0.416844 0.463444 0.026479 0.071333
1 0.618260 0.317222 0.026479 0.069907
1 0.638721 0.467009 0.030495 0.084167
1 0.500776 0.236685 0.025812 0.063167
2 0.505443 0.264065 0.007083 0.012130
