0 0.021313 0.604597 0.036781 0.087972
0 0.087846 0.350185 0.032099 0.066574
0 0.029336 0.187917 0.023401 0.060630
0 0.213898 0.142741 0.019391 0.055870
0 0.386424 0.021144 0.022068 0.042287
0 0.321227 0.369806 0.021401 0.060630
0 0.429557 0.385852 0.029427 0.080833
0 0.470016 0.675926 0.040792 0.078463
1 0.084839 0.598648 0.023406 0.085593
1 0.140674 0.290153 0.022734 0.079657
1 0.320224 0.164139 0.019396 0.063000
1 0.301500 0.367426 0.019396 0.058259
1 0.474695 0.591519 0.026078 0.071333
1 0.528862 0.404870 0.028755 0.066574
1 0.498102 0.228338 0.026078 0.058250
1 0.489740 0.088056 0.024073 0.058259
2 0.467857 0.701662 0.005734 0.011009
9 0.892638 0.332593 0.214651 0.595593
