4 0.692005 0.068181 0.615990 0.031935
2 0.172721 0.502255 0.007380 0.012639
1 0.945174 0.451028 0.024995 0.081907
0 0.972680 0.254898 0.018234 0.058667
1 0.980536 0.313398 0.018583 0.059870
0 0.665612 0.555278 0.026609 0.084389
0 0.665667 0.345907 0.020990 0.065667
1 0.538680 0.401769 0.028505 0.060907
1 0.620214 0.373861 0.022885 0.066278
0 0.503604 0.351319 0.026740 0.065176
0 0.473802 0.409819 0.024896 0.071972
0 0.456508 0.428894 0.025380 0.077139
1 0.521169 0.553912 0.027047 0.079676
0 0.409542 0.628333 0.031760 0.087537
10 0.325328 0.529856 0.046719 0.045861
6 0.219891 0.442727 0.112115 0.246417
8 0.424695 0.592546 0.660953 0.814907
