11 0.665398 0.467847 0.025151 0.080361
9 0.644789 0.591009 0.680161 0.808111
2 0.538419 0.441037 0.009516 0.014907
0 0.492651 0.438801 0.029510 0.070602
1 0.363766 0.461889 0.030906 0.076222
1 0.376969 0.400199 0.026813 0.067398
1 0.411242 0.311343 0.023078 0.058296
1 0.375820 0.779042 0.044495 0.100065
0 0.327771 0.189167 0.024427 0.055481
1 0.176539 0.381565 0.027776 0.057648
0 0.020656 0.384185 0.030625 0.072296
1 0.148031 0.675269 0.040448 0.078759
10 0.856406 0.465116 0.127313 0.265231
4 0.335385 0.052056 0.670771 0.010463
