1 0.417542 0.428602 0.020667 0.069278
8 0.100320 0.310681 0.200641 0.541435
2 0.509378 0.487356 0.007359 0.013676
1 0.990547 0.192602 0.014490 0.055481
0 0.975581 0.315426 0.022786 0.068148
1 0.960159 0.364866 0.018130 0.068139
0 0.769440 0.778431 0.039880 0.097398
1 0.701685 0.208681 0.017089 0.055250
0 0.695914 0.128000 0.019682 0.049722
0 0.572341 0.474356 0.035214 0.075917
1 0.527263 0.471958 0.023307 0.071824
0 0.421966 0.261264 0.018130 0.068139
1 0.446268 0.208157 0.023828 0.063537
0 0.359029 0.488620 0.034703 0.069056
0 0.287419 0.575819 0.034703 0.091157
1 0.216117 0.435611 0.031078 0.069981
0 0.267479 0.279630 0.026917 0.065370
0 0.303724 0.109130 0.022792 0.047889
1 0.310435 0.051856 0.019682 0.044194
0 0.090828 0.583333 0.028490 0.080111
