9 0.490417 0.427264 0.571344 0.747009
7 0.675846 0.255991 0.090214 0.212185
11 0.618870 0.319528 0.023219 0.076407
2 0.798240 0.510296 0.008698 0.016574
1 0.724281 0.522657 0.031750 0.048204
0 0.707706 0.497329 0.026047 0.069750
1 0.601523 0.486282 0.023974 0.089231
1 0.541440 0.289227 0.019203 0.068991
1 0.530565 0.207278 0.016578 0.063833
0 0.457531 0.173204 0.016719 0.056963
0 0.484466 0.281861 0.016714 0.070167
1 0.437333 0.259759 0.018990 0.062796
1 0.421792 0.425505 0.019812 0.074731
0 0.427490 0.508380 0.016271 0.083593
1 0.036435 0.384069 0.024359 0.082269
