1 0.714167 0.548616 0.031427 0.093917
4 0.500005 0.088685 0.999979 0.002500
0 0.158135 0.964218 0.042802 0.071565
0 0.190969 0.624102 0.028083 0.095111
0 0.215044 0.430329 0.029422 0.080843
0 0.234701 0.251407 0.022068 0.067759
0 0.369112 0.483819 0.023401 0.095102
2 0.449703 0.259167 0.007656 0.013981
0 0.469083 0.437458 0.026750 0.078454
0 0.653313 0.257352 0.027417 0.067759
0 0.694773 0.379801 0.019391 0.079657
0 0.757966 0.694241 0.025411 0.090352
1 0.442003 0.495116 0.022068 0.086787
1 0.468081 0.210394 0.026078 0.059435
1 0.857271 0.330468 0.030094 0.068954
1 0.892042 0.163435 0.019396 0.053500
