0 0.056685 0.423060 0.025411 0.076083
0 0.211826 0.185301 0.018724 0.047546
0 0.220521 0.027782 0.020063 0.048750
0 0.388031 0.093167 0.020729 0.046370
0 0.428154 0.516977 0.026078 0.087972
0 0.445206 0.891454 0.036109 0.104611
0 0.276133 0.460574 0.021151 0.066537
1 0.029201 0.704574 0.036109 0.096296
1 0.014490 0.134542 0.020062 0.057065
1 0.139539 0.368144 0.025411 0.070139
1 0.311396 0.252824 0.021396 0.067759
1 0.269255 0.477463 0.023938 0.069000
1 0.494344 0.157718 0.017833 0.047546
1 0.511620 0.325144 0.023406 0.063398
1 0.535581 0.479690 0.026745 0.077269
1 0.540039 0.667917 0.032318 0.095111
2 0.458461 0.617838 0.009526 0.017194
4 0.557125 0.001259 0.885750 0.002519
9 0.920586 0.320347 0.158828 0.415139
