1 0.809526 0.264088 0.017094 0.055250
0 0.811607 0.155065 0.016422 0.049722
0 0.727846 0.541060 0.027172 0.075917
1 0.676628 0.552403 0.023307 0.071824
1 0.529906 0.462579 0.021615 0.067861
0 0.505609 0.309648 0.022948 0.065222
1 0.558576 0.262278 0.023828 0.063537
0 0.398859 0.488620 0.018740 0.075759
0 0.390492 0.532880 0.026839 0.086370
1 0.284112 0.474213 0.025568 0.078148
0 0.336148 0.328662 0.023318 0.069917
0 0.358362 0.153417 0.019359 0.053167
1 0.362518 0.110241 0.019516 0.050907
0 0.204279 0.602926 0.028484 0.080111
10 0.005435 0.341069 0.010870 0.051731
8 0.165052 0.450856 0.330104 0.743287
2 0.351943 0.476056 0.007365 0.013685
0 0.917716 0.721843 0.024984 0.087389
