0 0.082164 0.390727 0.026078 0.067769
0 0.016297 0.257579 0.028083 0.070139
0 0.211560 0.172579 0.018724 0.061824
0 0.381411 0.057856 0.021396 0.051120
0 0.423542 0.462653 0.030760 0.076083
0 0.303172 0.420444 0.018719 0.060630
0 0.477036 0.784819 0.028083 0.087972
1 0.051737 0.658208 0.033432 0.089157
1 0.138669 0.337231 0.022734 0.067759
1 0.044047 0.090551 0.020729 0.052306
1 0.312198 0.215380 0.023406 0.054685
1 0.283112 0.427583 0.022734 0.079648
1 0.503784 0.634435 0.022734 0.086778
1 0.529529 0.450167 0.024745 0.084407
1 0.504786 0.277787 0.027417 0.060630
1 0.483724 0.128000 0.024073 0.060630
2 0.464307 0.675694 0.008906 0.018148
9 0.907547 0.312787 0.184906 0.480759
