4 0.604021 0.082449 0.791958 0.025954
2 0.541591 0.409014 0.007380 0.012639
1 0.957742 0.814824 0.033911 0.096593
1 0.858732 0.508565 0.023901 0.087870
0 0.852992 0.194278 0.017995 0.059204
1 0.884367 0.269403 0.019599 0.053417
0 0.674734 0.576722 0.027677 0.078852
0 0.640503 0.334431 0.022318 0.065676
1 0.514177 0.321287 0.022604 0.065019
1 0.565195 0.378745 0.025589 0.065824
0 0.585164 0.454380 0.037286 0.072130
0 0.431417 0.319042 0.021927 0.055750
0 0.404940 0.547046 0.028120 0.080278
1 0.409487 0.763602 0.027245 0.089093
0 0.370776 0.793056 0.031760 0.099222
10 0.117911 0.492986 0.026542 0.085324
6 0.021630 0.492319 0.042990 0.212583
8 0.268497 0.610861 0.536995 0.778278
