8 0.355755 0.547278 0.553635 0.835315
2 0.147674 0.407852 0.007359 0.013685
0 0.959958 0.209134 0.024479 0.052361
1 0.754924 0.551731 0.032870 0.080111
0 0.641331 0.323301 0.022130 0.067269
1 0.692971 0.352509 0.024130 0.074204
0 0.441695 0.477745 0.026547 0.078287
0 0.624518 0.560861 0.025120 0.080926
1 0.526633 0.473681 0.029318 0.071806
0 0.470604 0.450352 0.027448 0.076778
0 0.455974 0.245051 0.024542 0.057509
1 0.539219 0.187676 0.023021 0.060389
4 0.681721 0.021407 0.636557 0.027963
6 0.201505 0.358727 0.120302 0.222898
10 0.324323 0.453917 0.046302 0.054556
0 0.423797 0.617769 0.028490 0.087352
