9 0.491880 0.439903 0.578323 0.759435
7 0.679568 0.267907 0.093208 0.212389
11 0.628875 0.340153 0.022573 0.059324
1 0.695815 0.497685 0.041599 0.051481
2 0.750776 0.518333 0.008698 0.016574
0 0.654802 0.516958 0.026052 0.069750
1 0.595594 0.524519 0.021115 0.076944
1 0.529034 0.305060 0.019203 0.068991
1 0.527872 0.222500 0.016578 0.063833
0 0.487625 0.189481 0.016719 0.056963
0 0.481047 0.292676 0.016719 0.070167
1 0.411776 0.439218 0.019812 0.074731
1 0.402102 0.263782 0.020839 0.056417
0 0.392039 0.463981 0.022755 0.073481
1 0.030599 0.412380 0.029479 0.079537
