9 0.864445 0.301944 0.268016 0.603444
1 0.528859 0.363264 0.040792 0.068954
2 0.473406 0.658329 0.010271 0.018935
1 0.500776 0.173056 0.030094 0.066574
1 0.495760 0.045259 0.021396 0.053500
1 0.314034 0.116278 0.022286 0.058611
1 0.300552 0.310639 0.024729 0.063037
1 0.092596 0.543727 0.028755 0.086787
1 0.133388 0.235231 0.028755 0.071333
1 0.024052 0.156769 0.024073 0.064204
0 0.444669 0.614458 0.029422 0.076083
0 0.447010 0.305963 0.030094 0.072519
0 0.306247 0.346981 0.020057 0.066574
0 0.212628 0.116944 0.025411 0.060630
0 0.037427 0.119324 0.024073 0.060630
0 0.055482 0.303588 0.025411 0.084398
0 0.026393 0.538380 0.035443 0.090352
1 0.453633 0.548722 0.038786 0.071333
