4 0.499443 0.112301 0.998885 0.006120
0 0.093023 0.551065 0.045255 0.089019
0 0.012568 0.405556 0.025135 0.082167
0 0.329909 0.343069 0.029849 0.087306
0 0.350612 0.155620 0.028891 0.051352
0 0.535977 0.209546 0.024078 0.046222
0 0.587010 0.258333 0.022146 0.054778
1 0.171987 0.493718 0.029849 0.094157
1 0.283206 0.815556 0.040443 0.107852
1 0.104581 0.202694 0.035630 0.080463
1 0.405500 0.460338 0.032740 0.075324
1 0.630344 0.471463 0.027927 0.083889
1 0.614937 0.325954 0.020219 0.073611
1 0.500831 0.236935 0.026964 0.066759
2 0.507615 0.264815 0.008021 0.013241
