4 0.673281 0.075315 0.653438 0.031944
2 0.308023 0.466032 0.007380 0.012639
1 0.940023 0.480093 0.029036 0.081463
0 0.984318 0.238481 0.015479 0.058667
1 0.986464 0.309046 0.022958 0.059870
0 0.707052 0.596519 0.027677 0.084389
0 0.680807 0.344722 0.026104 0.065667
1 0.569456 0.422426 0.020599 0.056500
1 0.636466 0.356171 0.022870 0.072120
0 0.559964 0.374505 0.026740 0.065176
0 0.525729 0.403921 0.023958 0.071972
0 0.478008 0.447000 0.025380 0.080278
1 0.532891 0.627204 0.032708 0.089093
0 0.430906 0.699269 0.031760 0.099222
10 0.304214 0.469352 0.026542 0.066296
6 0.167177 0.472727 0.122417 0.260472
8 0.372380 0.599579 0.678823 0.800843
