1 0.479190 0.510940 0.031297 0.079880
0 0.013768 0.270560 0.024880 0.072750
0 0.011898 0.495250 0.023797 0.082741
0 0.035034 0.075833 0.025682 0.054204
0 0.209969 0.098662 0.019260 0.065620
0 0.264130 0.334046 0.021667 0.071333
0 0.470763 0.242032 0.033703 0.067046
0 0.454313 0.596537 0.026479 0.082741
1 0.076359 0.533051 0.024875 0.092731
1 0.037443 0.115065 0.022469 0.072759
1 0.128919 0.213500 0.028891 0.081315
1 0.291417 0.274130 0.028083 0.074185
1 0.303453 0.092236 0.024875 0.061343
1 0.525732 0.135750 0.031297 0.074185
1 0.558232 0.319065 0.030495 0.075611
5 0.500000 0.987472 1.000000 0.016167
9 0.833753 0.266968 0.332495 0.533935
2 0.478469 0.646204 0.008594 0.015741
1 0.498849 0.016630 0.025677 0.032815
