4 0.499443 0.112301 0.998885 0.006120
9 0.919628 0.641481 0.160745 0.693315
0 0.013581 0.525838 0.027161 0.076083
0 0.236469 0.392690 0.024073 0.076083
0 0.220419 0.163250 0.028089 0.054685
0 0.495456 0.244792 0.019443 0.048620
0 0.491294 0.284306 0.018661 0.063593
1 0.198820 0.786875 0.029536 0.108972
1 0.108544 0.478778 0.037339 0.093130
1 0.047805 0.200894 0.018391 0.066380
1 0.329773 0.427759 0.021734 0.074296
1 0.595029 0.486704 0.027307 0.087185
1 0.600880 0.361380 0.022292 0.076278
1 0.517096 0.246588 0.026328 0.056935
2 0.524979 0.268333 0.009062 0.013519
