9 0.916695 0.309222 0.166609 0.413704
1 0.523599 0.652861 0.033438 0.087185
2 0.462427 0.645630 0.009479 0.017778
1 0.529451 0.472556 0.028422 0.065389
1 0.508831 0.304634 0.017276 0.072324
1 0.488492 0.149097 0.023401 0.048546
1 0.310729 0.238755 0.021177 0.059435
1 0.041016 0.689514 0.025635 0.087176
1 0.137979 0.364079 0.026750 0.072324
1 0.027083 0.118884 0.023406 0.061417
0 0.285081 0.448213 0.019047 0.070667
0 0.460854 0.858880 0.031427 0.097481
0 0.421065 0.501051 0.028089 0.083213
1 0.278758 0.460046 0.027807 0.075519
0 0.382279 0.079019 0.021401 0.047556
0 0.227810 0.022866 0.021401 0.045731
0 0.213430 0.180662 0.019391 0.058250
0 0.010255 0.288847 0.020510 0.070139
0 0.070661 0.413079 0.026750 0.076083
