0 0.501849 0.456764 0.027448 0.072417
1 0.556518 0.188870 0.023026 0.060389
0 0.453484 0.629315 0.028490 0.087352
10 0.334302 0.450921 0.046302 0.038398
6 0.212612 0.358727 0.110401 0.222898
4 0.682000 0.022398 0.636000 0.027963
8 0.351612 0.549116 0.553661 0.828898
2 0.170852 0.450444 0.007359 0.013685
0 0.983148 0.212171 0.024484 0.052361
1 0.787836 0.561389 0.026932 0.080111
0 0.661242 0.327102 0.022130 0.067259
1 0.701352 0.350139 0.024130 0.074204
0 0.476260 0.482153 0.026552 0.078287
0 0.637089 0.562889 0.025115 0.080926
1 0.548047 0.478634 0.029323 0.071806
0 0.477341 0.244292 0.024536 0.055250
