9 0.867229 0.305806 0.262802 0.611611
0 0.028401 0.537903 0.034104 0.078454
0 0.058156 0.301329 0.024073 0.076083
0 0.037094 0.125977 0.024740 0.065380
0 0.213297 0.113514 0.020063 0.057028
0 0.306917 0.347694 0.024073 0.071333
0 0.439320 0.312620 0.033432 0.077278
0 0.444000 0.621713 0.026750 0.086778
1 0.128036 0.234755 0.030094 0.068954
1 0.020708 0.158079 0.024073 0.063009
1 0.094604 0.543250 0.027417 0.077278
1 0.450701 0.556333 0.038807 0.074889
1 0.529596 0.362551 0.026745 0.063009
1 0.502516 0.179477 0.027417 0.058250
1 0.490812 0.046329 0.024073 0.055880
1 0.316948 0.118255 0.022740 0.057065
1 0.302464 0.316898 0.025781 0.062130
2 0.474641 0.663315 0.010438 0.020000
