1 0.412445 0.274481 0.027349 0.058296
1 0.378914 0.466389 0.030901 0.076222
0 0.494995 0.423347 0.029510 0.070602
2 0.509659 0.451741 0.009516 0.014907
9 0.708919 0.595958 0.582161 0.808083
1 0.340911 0.382944 0.026813 0.067389
1 0.367154 0.859514 0.044495 0.090769
0 0.314115 0.170671 0.024427 0.055491
1 0.179266 0.383278 0.027771 0.057648
0 0.022797 0.386565 0.030625 0.072296
1 0.130693 0.675944 0.040448 0.078759
0 0.014372 0.098199 0.018568 0.050731
11 0.821836 0.496944 0.021557 0.075963
10 0.947018 0.470236 0.104922 0.264898
4 0.374672 0.058991 0.749344 0.010463
