1 0.938435 0.605421 0.028339 0.088231
1 0.738964 0.556412 0.023948 0.076583
10 0.256414 0.397699 0.023391 0.067991
0 0.405055 0.609523 0.032766 0.074083
1 0.484706 0.160231 0.024234 0.057204
0 0.454362 0.214125 0.024536 0.055250
0 0.470034 0.417093 0.020880 0.055074
6 0.122661 0.341477 0.113562 0.219250
4 0.684503 0.008532 0.630995 0.016898
1 0.487201 0.452532 0.031359 0.060306
0 0.561667 0.529370 0.025115 0.080926
0 0.458263 0.473347 0.019578 0.075769
1 0.673214 0.318347 0.028917 0.070824
0 0.627346 0.315986 0.020141 0.067269
8 0.269531 0.516681 0.539062 0.801287
2 0.367518 0.462481 0.007359 0.013685
0 0.941786 0.192181 0.019458 0.051250
