1 0.340911 0.375954 0.026813 0.067389
4 0.391669 0.062954 0.783339 0.010463
10 0.970115 0.454440 0.058938 0.231676
11 0.867604 0.506315 0.021563 0.075963
0 0.032487 0.093653 0.018568 0.050731
1 0.131081 0.671491 0.040453 0.078759
0 0.035638 0.385852 0.030620 0.072296
1 0.180549 0.381565 0.027776 0.057648
0 0.316344 0.169514 0.024427 0.055491
1 0.358872 0.865676 0.044495 0.090778
1 0.414586 0.268301 0.027349 0.058306
1 0.415250 0.465398 0.030906 0.076222
0 0.499120 0.422157 0.029510 0.070593
2 0.514565 0.450944 0.009516 0.014907
9 0.733938 0.595736 0.530979 0.808528
