4 0.500000 0.095088 1.000000 0.006120
9 0.942857 0.527644 0.114286 0.539250
0 0.163846 0.168241 0.023401 0.060630
0 0.145458 0.367963 0.024073 0.084407
0 0.081930 0.515370 0.025411 0.079648
0 0.370810 0.373907 0.022734 0.072519
0 0.549690 0.301389 0.023401 0.072519
0 0.520938 0.226495 0.024740 0.063009
1 0.092628 0.190829 0.025411 0.067769
1 0.238742 0.372713 0.026078 0.091537
1 0.344398 0.630097 0.035443 0.087972
1 0.778721 0.491005 0.029422 0.076083
1 0.778052 0.336458 0.024073 0.071324
1 0.654010 0.233032 0.036781 0.045176
1 0.387529 0.334671 0.026745 0.070139
2 0.402995 0.414500 0.009427 0.017685
