9 0.492818 0.421394 0.571344 0.747009
7 0.675659 0.254731 0.090214 0.212185
11 0.619719 0.316421 0.023219 0.076417
2 0.804443 0.492676 0.008698 0.016574
1 0.725583 0.516426 0.019698 0.054963
0 0.717359 0.495356 0.018781 0.069750
1 0.606133 0.472407 0.023974 0.089222
1 0.551596 0.287130 0.019203 0.068981
1 0.531128 0.205102 0.016578 0.063833
0 0.487344 0.277722 0.016719 0.070167
1 0.445781 0.263375 0.018990 0.062787
0 0.453010 0.167861 0.016719 0.056963
1 0.421672 0.422620 0.019812 0.074722
0 0.448211 0.532403 0.016276 0.071620
1 0.041581 0.365856 0.024359 0.092176
