1 0.985141 0.310875 0.017094 0.055250
6 0.070250 0.324648 0.119344 0.219259
10 0.203924 0.382954 0.023391 0.067981
0 0.387984 0.584102 0.028490 0.078093
1 0.474115 0.143134 0.024240 0.057194
0 0.447060 0.200190 0.024536 0.055250
0 0.465010 0.384787 0.028875 0.069907
1 0.447419 0.444958 0.026724 0.078139
0 0.514474 0.512102 0.025115 0.080926
0 0.475310 0.476056 0.027776 0.075759
1 0.667591 0.305417 0.023828 0.065463
0 0.610727 0.314227 0.020141 0.067269
1 0.713880 0.536111 0.028698 0.076574
1 0.897872 0.608259 0.023307 0.089481
0 0.993510 0.548458 0.012979 0.081250
8 0.246354 0.496894 0.492708 0.787509
2 0.442099 0.462481 0.007365 0.013685
0 0.917297 0.181653 0.019458 0.051250
