9 0.502464 0.433343 0.578323 0.759426
7 0.689487 0.260505 0.093203 0.209713
2 0.716734 0.416370 0.008698 0.016574
11 0.639888 0.344528 0.025432 0.042426
1 0.417841 0.429741 0.024734 0.072759
1 0.050315 0.419347 0.034995 0.078713
1 0.362951 0.250370 0.020453 0.054074
1 0.529221 0.247588 0.017078 0.062046
1 0.534940 0.297537 0.018661 0.066407
1 0.606940 0.509134 0.016641 0.081917
1 0.657654 0.427329 0.031630 0.072769
0 0.394208 0.467731 0.027094 0.076370
0 0.495792 0.289894 0.021281 0.066046
0 0.516495 0.184634 0.017031 0.061917
0 0.596987 0.534463 0.022443 0.065352
