4 0.500188 0.063731 0.999625 0.002500
0 0.025500 0.265884 0.026479 0.057065
0 0.153490 0.521954 0.024073 0.092722
0 0.260216 0.408542 0.028891 0.065620
0 0.462435 0.685296 0.028891 0.088444
0 0.468453 0.875028 0.039323 0.079889
0 0.473479 0.297796 0.025125 0.062130
0 0.473927 0.246593 0.018375 0.058667
1 0.437591 0.459870 0.028620 0.081185
1 0.485289 0.177343 0.019026 0.055611
1 0.662922 0.476130 0.032260 0.061222
1 0.819919 0.334704 0.020432 0.069352
1 0.928818 0.633144 0.030188 0.081731
1 0.991227 0.371028 0.017547 0.074296
1 0.786719 0.070935 0.012542 0.043759
2 0.648503 0.494500 0.007182 0.012870
