0 0.038682 0.262898 0.020063 0.067759
0 0.171419 0.572588 0.024745 0.087972
0 0.249323 0.387727 0.020062 0.077269
0 0.450607 0.734264 0.021401 0.087972
0 0.457292 0.833532 0.026750 0.093917
0 0.464982 0.284301 0.019391 0.070139
0 0.474344 0.248042 0.018052 0.059435
1 0.495409 0.461435 0.018724 0.072519
1 0.520151 0.170176 0.016052 0.060630
1 0.746510 0.463810 0.020729 0.091546
1 0.871891 0.336606 0.017385 0.072509
1 0.991448 0.627269 0.017104 0.090352
1 0.809367 0.063181 0.016714 0.058250
2 0.499979 0.494435 0.006927 0.012222
4 0.500000 0.063630 1.000000 0.002500
