9 0.492656 0.442653 0.578323 0.759435
7 0.681503 0.267907 0.093203 0.212389
11 0.628490 0.336704 0.022573 0.063444
2 0.756578 0.505944 0.008698 0.016574
1 0.701628 0.505259 0.041599 0.051481
0 0.660995 0.511449 0.026052 0.069750
1 0.594818 0.521083 0.021115 0.076944
1 0.529419 0.302306 0.019203 0.068981
1 0.530581 0.215620 0.016578 0.063833
0 0.484141 0.188102 0.016719 0.056963
0 0.481818 0.294051 0.016719 0.070176
1 0.411776 0.440588 0.019812 0.074731
1 0.403648 0.264468 0.020839 0.056417
0 0.391654 0.464671 0.022755 0.073472
1 0.029437 0.411009 0.029479 0.079537
