10 0.223883 0.389176 0.023391 0.067981
6 0.090943 0.330384 0.119344 0.219250
0 0.398003 0.591051 0.032766 0.066176
1 0.480979 0.149894 0.024240 0.057194
0 0.454258 0.207444 0.024536 0.055259
0 0.468948 0.393968 0.023354 0.062157
1 0.456344 0.446884 0.023771 0.059750
0 0.528984 0.523685 0.025115 0.080926
0 0.474065 0.475546 0.019578 0.075759
1 0.675956 0.308102 0.023828 0.065463
0 0.619940 0.316278 0.020141 0.067259
1 0.729378 0.543130 0.023943 0.076574
1 0.918549 0.603972 0.023307 0.089481
0 0.928437 0.185755 0.019458 0.051250
8 0.256622 0.508394 0.507901 0.792157
2 0.458716 0.463778 0.007359 0.013685
