4 0.500000 0.057398 1.000000 0.006111
0 0.083333 0.192134 0.023406 0.046361
0 0.231120 0.405528 0.030094 0.052315
0 0.386927 0.754444 0.035437 0.077278
0 0.276924 0.345491 0.025411 0.060630
0 0.459818 0.350245 0.030094 0.070139
0 0.451458 0.248009 0.024073 0.055870
0 0.698211 0.295560 0.025411 0.058250
1 0.048229 0.356787 0.024073 0.073704
1 0.008065 0.785949 0.016130 0.092731
1 0.333096 0.344301 0.026745 0.074898
1 0.432398 0.239093 0.022068 0.054685
1 0.489573 0.512519 0.026750 0.073704
1 0.637693 0.925042 0.038115 0.111750
1 0.828607 0.475074 0.025411 0.079648
1 0.760401 0.305074 0.028083 0.067759
1 0.716266 0.188569 0.018719 0.051120
2 0.480594 0.549269 0.010052 0.016019
