0 0.051549 0.902213 0.032120 0.102500
2 0.429167 0.280296 0.006812 0.013444
1 0.843372 0.131792 0.016161 0.052509
1 0.965133 0.779699 0.042349 0.092139
1 0.655854 0.518157 0.030094 0.074296
1 0.817458 0.324977 0.027865 0.062417
1 0.448833 0.194208 0.020615 0.060435
1 0.404081 0.472648 0.023516 0.078630
0 0.661036 0.669037 0.028417 0.098074
0 0.610883 0.345583 0.017276 0.077278
0 0.583299 0.248495 0.017828 0.065380
0 0.401635 0.426819 0.017833 0.063398
0 0.304393 0.478333 0.020620 0.087185
0 0.185974 0.253449 0.023406 0.065380
0 0.139445 0.410472 0.031766 0.078259
0 0.119661 0.578889 0.022292 0.098074
4 0.500008 0.079296 0.999984 0.002500
