4 0.500008 0.072537 0.999984 0.002500
2 0.428990 0.311241 0.008812 0.015222
0 0.129448 0.251648 0.022063 0.063000
0 0.072940 0.406787 0.036109 0.076093
0 0.062242 0.548255 0.029422 0.087972
0 0.252823 0.482870 0.026750 0.083222
0 0.356810 0.433537 0.022068 0.072519
0 0.589518 0.649903 0.023401 0.093917
0 0.673776 0.971472 0.031427 0.057056
0 0.549917 0.320894 0.018469 0.069306
0 0.549198 0.253514 0.016458 0.060139
1 0.377339 0.467435 0.021177 0.086185
1 0.439471 0.179148 0.026193 0.054481
1 0.615008 0.496662 0.023964 0.087176
1 0.788594 0.318833 0.026750 0.070333
1 0.918711 0.721051 0.030651 0.088176
1 0.810326 0.112037 0.011766 0.049204
