4 0.500000 0.082491 1.000000 0.006111
9 0.944229 0.472579 0.109000 0.477898
0 0.109010 0.481491 0.027417 0.079648
0 0.141109 0.164676 0.024740 0.049926
0 0.215336 0.334671 0.026078 0.057065
0 0.407255 0.351315 0.043469 0.066574
0 0.496865 0.219356 0.016719 0.057065
0 0.585799 0.294255 0.022068 0.064194
0 0.404917 0.889852 0.034771 0.104611
1 0.110349 0.146245 0.019396 0.065380
1 0.273516 0.331704 0.024740 0.065389
1 0.416617 0.294255 0.024745 0.066565
1 0.411935 0.532014 0.028755 0.076083
1 0.674406 0.204500 0.024073 0.034481
1 0.792432 0.326352 0.027417 0.066574
1 0.813497 0.495162 0.032099 0.071324
2 0.431370 0.501269 0.012448 0.018889
