0 0.920398 0.539713 0.027172 0.081241
8 0.222604 0.479861 0.445208 0.762685
2 0.401841 0.469333 0.007359 0.013685
1 0.925422 0.291958 0.017094 0.055250
0 0.884302 0.172616 0.019458 0.051250
1 0.841857 0.605935 0.023307 0.089481
1 0.667979 0.510833 0.021615 0.076574
0 0.583573 0.315694 0.026385 0.067259
1 0.639891 0.294213 0.023823 0.063537
0 0.462888 0.474194 0.026828 0.075759
0 0.488875 0.503370 0.025115 0.080926
1 0.406383 0.446583 0.021443 0.078148
0 0.433956 0.367838 0.028880 0.069917
0 0.427622 0.186060 0.024536 0.055250
1 0.448547 0.128579 0.024240 0.053769
0 0.343448 0.579505 0.028490 0.087361
10 0.141898 0.378565 0.023391 0.073056
6 0.038365 0.312940 0.076729 0.221157
