9 0.534427 0.322824 0.540313 0.645648
7 0.706284 0.168940 0.085995 0.189380
11 0.682013 0.242778 0.026078 0.059444
0 0.016547 0.043088 0.022740 0.052306
0 0.437833 0.361097 0.022740 0.065380
0 0.551513 0.509699 0.029422 0.077269
0 0.539810 0.210116 0.019391 0.058250
0 0.541815 0.093019 0.022068 0.054685
1 0.105151 0.289171 0.024740 0.080843
1 0.308773 0.142949 0.021401 0.061824
1 0.439839 0.308194 0.024073 0.057056
1 0.457560 0.201796 0.019391 0.067759
1 0.552180 0.207741 0.012036 0.048741
1 0.624737 0.277282 0.026078 0.057065
1 0.568901 0.346236 0.020062 0.071324
2 0.591484 0.431046 0.010052 0.018333
