4 0.499443 0.112301 0.998885 0.006120
9 0.935878 0.612009 0.128245 0.640241
0 0.050607 0.535199 0.028089 0.102713
0 0.279706 0.371144 0.028891 0.065620
0 0.287331 0.162153 0.031297 0.052787
0 0.517461 0.230037 0.015984 0.055296
0 0.543547 0.271236 0.015875 0.049750
1 0.074440 0.202718 0.022734 0.068954
1 0.132617 0.479116 0.022734 0.089157
1 0.234260 0.807227 0.028083 0.105806
1 0.360646 0.448208 0.021396 0.082028
1 0.612750 0.479116 0.028083 0.086787
1 0.603724 0.348343 0.023406 0.079648
1 0.502885 0.241023 0.022135 0.060009
2 0.519552 0.267227 0.010365 0.013694
