0 0.167401 0.570551 0.019396 0.090343
0 0.445247 0.729852 0.025411 0.095111
0 0.451268 0.829120 0.025411 0.098667
0 0.246039 0.386287 0.021401 0.078463
0 0.462703 0.285833 0.017385 0.072519
0 0.470727 0.246602 0.016047 0.067759
1 0.492393 0.461773 0.022068 0.082028
1 0.516130 0.171704 0.016052 0.060630
0 0.036000 0.263838 0.017385 0.071324
1 0.739469 0.464750 0.021375 0.092722
1 0.868875 0.336356 0.018052 0.076083
1 0.806685 0.064056 0.016714 0.056944
1 0.989104 0.630528 0.021792 0.096407
2 0.548396 0.493407 0.008333 0.013704
4 0.500000 0.064028 1.000000 0.003148
