1 0.454232 0.568713 0.037714 0.074185
0 0.037763 0.563009 0.034505 0.079889
0 0.069859 0.327625 0.031292 0.077028
0 0.035354 0.152157 0.024875 0.068481
0 0.212294 0.125051 0.024078 0.062769
0 0.318620 0.356870 0.021667 0.067056
0 0.436578 0.339037 0.045740 0.079889
0 0.451424 0.640759 0.025682 0.072759
1 0.135661 0.251301 0.028083 0.069898
1 0.093130 0.563009 0.039323 0.094148
1 0.010255 0.177833 0.020510 0.068481
1 0.318219 0.135750 0.028885 0.064204
1 0.298557 0.340463 0.026479 0.071333
1 0.499169 0.202801 0.029693 0.064194
1 0.492349 0.062995 0.020865 0.049935
1 0.530466 0.391824 0.031297 0.082741
2 0.475034 0.670620 0.009224 0.015463
9 0.878008 0.328338 0.239193 0.647102
