1 0.356945 0.868417 0.044495 0.090778
9 0.747734 0.597676 0.504531 0.804648
2 0.513898 0.451343 0.009516 0.014907
0 0.498784 0.424532 0.029516 0.070602
1 0.430227 0.464412 0.030901 0.076213
1 0.343685 0.371843 0.026807 0.067389
1 0.417396 0.264259 0.027344 0.058296
0 0.317458 0.169514 0.024427 0.055491
1 0.185846 0.382421 0.027776 0.057657
0 0.046740 0.388231 0.030625 0.072296
1 0.133776 0.670463 0.040448 0.078759
0 0.040924 0.095583 0.018568 0.050741
11 0.890901 0.507792 0.021563 0.075972
10 0.983232 0.426894 0.033536 0.174546
4 0.400586 0.062954 0.801172 0.010463
