0 0.015534 0.274556 0.027286 0.062778
0 0.078125 0.392250 0.035313 0.075611
0 0.211331 0.176838 0.019255 0.055639
0 0.380247 0.068417 0.020057 0.047074
0 0.420781 0.476426 0.040104 0.069926
0 0.473331 0.805954 0.042526 0.087019
0 0.298094 0.430000 0.022937 0.064778
1 0.045318 0.668315 0.026750 0.092722
1 0.037964 0.101250 0.021396 0.054685
1 0.140273 0.351500 0.021401 0.072519
1 0.309456 0.220727 0.025411 0.053491
1 0.281156 0.438218 0.021708 0.069306
1 0.487802 0.134060 0.023406 0.058250
1 0.506190 0.292769 0.025411 0.061815
1 0.528927 0.458014 0.024073 0.076083
1 0.509365 0.637769 0.025531 0.078796
2 0.464591 0.667028 0.010370 0.015667
9 0.911029 0.315495 0.177943 0.462213
