7 0.953422 0.084269 0.091448 0.168537
5 0.500000 0.895440 1.000000 0.045528
0 0.428154 0.691972 0.036109 0.084407
0 0.202464 0.343653 0.024740 0.082028
0 0.540161 0.195644 0.031427 0.064194
1 0.017201 0.534454 0.034172 0.092722
1 0.124862 0.226551 0.020797 0.071324
1 0.306750 0.079731 0.022135 0.053500
1 0.287690 0.260435 0.026818 0.065389
1 0.501344 0.550505 0.028823 0.077269
1 0.612016 0.255676 0.026813 0.067759
1 0.583258 0.107079 0.024141 0.051120
2 0.428828 0.733407 0.009115 0.016852
9 0.772495 0.234426 0.455010 0.468852
11 0.908247 0.144134 0.019766 0.054528
