2 0.636625 0.497009 0.007656 0.014630
4 0.500708 0.063880 0.998375 0.002500
1 0.921667 0.633065 0.026469 0.086685
1 0.990164 0.375074 0.019505 0.074296
1 0.783745 0.072093 0.014396 0.044574
1 0.811609 0.332556 0.018115 0.068519
1 0.648776 0.479361 0.028354 0.063204
1 0.477635 0.173486 0.017833 0.058454
1 0.429711 0.459296 0.023401 0.079259
0 0.476885 0.246454 0.014313 0.060481
0 0.479180 0.301731 0.021057 0.060315
0 0.263747 0.409681 0.027286 0.069898
0 0.029031 0.264171 0.018458 0.052787
0 0.469576 0.875458 0.044130 0.079880
0 0.463156 0.676449 0.031292 0.089880
0 0.152609 0.516671 0.024875 0.095583
