1 0.518437 0.473403 0.029323 0.071806
0 0.622690 0.560861 0.025120 0.080926
0 0.461969 0.451727 0.027448 0.076769
8 0.355755 0.547278 0.553635 0.835315
0 0.953031 0.207889 0.024479 0.052370
1 0.747026 0.549102 0.032865 0.080111
2 0.147935 0.399426 0.007359 0.013685
1 0.535789 0.187676 0.023026 0.060389
0 0.449747 0.244097 0.024536 0.057509
1 0.688924 0.351972 0.024130 0.074204
0 0.432365 0.473514 0.026552 0.078287
0 0.636888 0.322421 0.022130 0.067269
6 0.201974 0.359389 0.120302 0.222907
10 0.324724 0.458065 0.045031 0.043500
4 0.680885 0.020417 0.638229 0.027963
0 0.419156 0.617769 0.028490 0.087352
