4 0.332878 0.048093 0.665755 0.010463
9 0.640174 0.589995 0.688193 0.816306
2 0.625922 0.411315 0.009510 0.014907
0 0.495773 0.436227 0.029516 0.070602
1 0.377750 0.459051 0.030906 0.076213
1 0.394536 0.405954 0.026813 0.067389
1 0.421005 0.322282 0.025479 0.065398
1 0.387380 0.761231 0.033333 0.100074
0 0.345326 0.190324 0.024432 0.055481
1 0.186812 0.380704 0.027771 0.057648
0 0.027880 0.381569 0.030625 0.072287
1 0.153620 0.673556 0.040448 0.078759
11 0.663456 0.465875 0.025151 0.080361
10 0.847161 0.462236 0.127313 0.265231
