0 0.656305 0.319204 0.022130 0.067259
4 0.675273 0.019444 0.649453 0.027963
8 0.329857 0.540375 0.553661 0.828898
2 0.213505 0.452852 0.007365 0.013685
0 0.978331 0.205944 0.024484 0.052370
1 0.993198 0.598977 0.013604 0.088231
1 0.783229 0.558463 0.026927 0.080111
1 0.697638 0.342352 0.024130 0.074204
0 0.478547 0.481301 0.026552 0.078287
0 0.630461 0.556185 0.025120 0.080926
1 0.541479 0.467903 0.026698 0.072343
0 0.498435 0.454708 0.020880 0.072417
0 0.476164 0.236653 0.024536 0.055250
1 0.548539 0.181972 0.023026 0.060389
0 0.449031 0.626014 0.028490 0.087361
10 0.320693 0.449769 0.040063 0.038444
6 0.193763 0.354745 0.110401 0.222898
