4 0.370771 0.059981 0.741542 0.010463
9 0.702448 0.596546 0.595104 0.806907
2 0.507987 0.452926 0.009516 0.014907
0 0.493990 0.423347 0.029510 0.070602
1 0.375859 0.468843 0.030906 0.076222
1 0.342297 0.383764 0.026813 0.067398
1 0.412177 0.276389 0.027344 0.058296
1 0.369466 0.861417 0.044495 0.094574
0 0.313930 0.171662 0.024432 0.055491
1 0.179107 0.384991 0.027776 0.057648
0 0.017982 0.384185 0.030620 0.072296
1 0.131656 0.678343 0.040448 0.078759
0 0.010966 0.098477 0.018568 0.050731
11 0.811849 0.487574 0.021563 0.075963
10 0.941107 0.468190 0.116224 0.265287
