1 0.291805 0.073435 0.018724 0.059444
5 0.500000 0.898347 1.000000 0.042083
0 0.445362 0.657315 0.025078 0.092130
0 0.202344 0.340750 0.024875 0.072759
0 0.507276 0.202370 0.024875 0.072759
1 0.023651 0.516269 0.033438 0.091537
1 0.110250 0.213713 0.026083 0.078463
1 0.271742 0.255917 0.028089 0.074889
1 0.478039 0.531722 0.032766 0.091537
1 0.594727 0.278505 0.029422 0.086787
1 0.551932 0.097806 0.026750 0.065389
2 0.460573 0.689954 0.009583 0.017407
9 0.781573 0.234644 0.436052 0.469287
11 0.925135 0.149259 0.021927 0.056130
7 0.961836 0.084236 0.076047 0.168472
