9 0.490969 0.428718 0.571344 0.747009
7 0.676258 0.255759 0.090214 0.212185
11 0.618674 0.320157 0.023214 0.076407
2 0.792354 0.505907 0.008698 0.016574
1 0.726409 0.527370 0.037964 0.043593
0 0.706404 0.500014 0.026047 0.069750
1 0.598669 0.493569 0.023974 0.089231
1 0.536513 0.290991 0.019203 0.068981
1 0.529263 0.207194 0.016578 0.063833
0 0.461411 0.174968 0.016719 0.056972
0 0.483682 0.282699 0.016719 0.070176
1 0.432924 0.263366 0.018995 0.062787
1 0.421531 0.421745 0.019812 0.074731
0 0.421531 0.490806 0.016271 0.083593
1 0.036687 0.389523 0.024354 0.082269
