4 0.691336 0.065801 0.617328 0.031935
2 0.172258 0.491199 0.007380 0.012639
1 0.942039 0.451426 0.024995 0.081907
0 0.969154 0.254898 0.018234 0.058667
1 0.975250 0.313630 0.018583 0.059870
0 0.660201 0.555278 0.026609 0.084389
0 0.661880 0.346306 0.020990 0.065667
1 0.527060 0.405065 0.028505 0.060907
1 0.613292 0.374495 0.025500 0.069157
0 0.498862 0.350833 0.026745 0.065167
0 0.465135 0.416829 0.017021 0.071972
0 0.449023 0.428662 0.025380 0.077139
1 0.516440 0.551560 0.027047 0.079676
0 0.402922 0.625306 0.031760 0.087537
10 0.323000 0.532935 0.049000 0.045870
6 0.214898 0.443134 0.112109 0.246417
8 0.423568 0.592759 0.660948 0.814481
