4 0.596055 0.081838 0.807891 0.025954
2 0.565893 0.413338 0.007380 0.012639
1 0.974922 0.809870 0.026958 0.096593
0 0.986674 0.489292 0.026651 0.076361
1 0.847086 0.458593 0.035557 0.077481
0 0.816992 0.182440 0.015766 0.059194
1 0.813229 0.229792 0.022552 0.046620
0 0.692685 0.531287 0.027682 0.073370
0 0.631148 0.315824 0.022318 0.065667
1 0.558815 0.279329 0.022609 0.065009
1 0.564281 0.399264 0.017500 0.065824
0 0.564867 0.459009 0.027807 0.072130
0 0.444339 0.287384 0.021927 0.055750
0 0.375315 0.561157 0.028120 0.080278
1 0.360471 0.811042 0.034328 0.083250
0 0.380419 0.859620 0.034599 0.104574
10 0.092951 0.513153 0.026536 0.085324
6 0.007529 0.457213 0.015057 0.137519
8 0.254706 0.611542 0.509411 0.776917
