1 0.296852 0.296116 0.023964 0.057454
1 0.456505 0.531898 0.039010 0.081241
1 0.533128 0.351593 0.032880 0.073315
1 0.503315 0.167329 0.027859 0.063398
1 0.491893 0.034579 0.022849 0.053491
1 0.311341 0.106403 0.018391 0.054491
1 0.026026 0.138597 0.023958 0.065380
1 0.130232 0.225282 0.030651 0.076287
1 0.084818 0.539329 0.026750 0.084213
0 0.443401 0.596819 0.043333 0.082750
0 0.450221 0.290102 0.040922 0.079889
0 0.290932 0.347171 0.024073 0.068472
0 0.209888 0.104653 0.017651 0.057065
0 0.034552 0.101079 0.024875 0.055620
0 0.044182 0.290102 0.026479 0.079889
0 0.022115 0.523352 0.025677 0.081315
9 0.856193 0.291241 0.287542 0.582481
2 0.469648 0.651694 0.010349 0.018667
