4 0.623414 0.078880 0.753172 0.025963
2 0.526471 0.422773 0.007380 0.012639
1 0.991987 0.807394 0.016026 0.096583
1 0.872839 0.524287 0.031292 0.087870
0 0.894302 0.211083 0.015479 0.055481
1 0.943810 0.290259 0.019599 0.059870
0 0.679529 0.593491 0.027682 0.078852
0 0.655201 0.341162 0.022318 0.065676
1 0.508490 0.355648 0.022604 0.064444
1 0.592471 0.389690 0.022870 0.064194
0 0.590294 0.441306 0.034932 0.061093
0 0.461516 0.353505 0.021927 0.055750
0 0.433987 0.538977 0.028120 0.080269
1 0.437807 0.752463 0.032708 0.089093
0 0.385714 0.783981 0.031760 0.099222
10 0.174417 0.495403 0.026542 0.085324
6 0.045365 0.518694 0.090729 0.277426
8 0.292023 0.607931 0.584047 0.784139
