1 0.511208 0.343602 0.024073 0.069907
1 0.252417 0.510509 0.028083 0.078463
1 0.499573 0.172412 0.020063 0.061343
1 0.542102 0.490537 0.026484 0.072759
1 0.550125 0.686694 0.039323 0.082741
4 0.538255 0.014787 0.923490 0.002685
9 0.927609 0.336611 0.144781 0.408000
0 0.032143 0.439894 0.028891 0.068472
0 0.214703 0.049727 0.023271 0.052787
0 0.206677 0.193810 0.018458 0.049935
0 0.398464 0.108931 0.024875 0.051361
2 0.445469 0.563787 0.009688 0.016944
0 0.440992 0.527630 0.031297 0.069907
0 0.242789 0.479125 0.031297 0.069898
0 0.401271 0.939912 0.044938 0.101287
1 0.010857 0.733060 0.021714 0.101287
1 0.136063 0.390676 0.028083 0.081315
1 0.310193 0.277981 0.029687 0.072759
