4 0.500000 0.076472 1.000000 0.006111
9 0.941815 0.452606 0.116370 0.467917
0 0.136427 0.439412 0.030760 0.070139
0 0.210656 0.315773 0.038781 0.065380
0 0.126732 0.165981 0.022068 0.053500
0 0.419961 0.333009 0.032099 0.064204
0 0.480813 0.221259 0.030760 0.066574
0 0.598172 0.278324 0.026083 0.073704
0 0.417286 0.837662 0.029427 0.093917
1 0.122880 0.130287 0.014167 0.038056
1 0.704096 0.973634 0.029422 0.052731
1 0.282141 0.325523 0.025406 0.064194
1 0.421568 0.504435 0.027417 0.079648
1 0.420563 0.274995 0.026750 0.053491
1 0.682695 0.191185 0.021401 0.042796
1 0.774643 0.310065 0.031432 0.073704
1 0.813763 0.482444 0.029422 0.073704
2 0.433417 0.535120 0.008490 0.013426
