0 0.420471 0.264264 0.018130 0.068139
1 0.987917 0.189759 0.014490 0.055481
1 0.957279 0.365921 0.018130 0.068139
1 0.526341 0.475495 0.023307 0.071824
1 0.422750 0.432218 0.030562 0.075509
1 0.698820 0.202014 0.017089 0.055250
1 0.439583 0.208000 0.023823 0.063537
1 0.314758 0.048241 0.019682 0.044204
1 0.223388 0.430009 0.031078 0.069981
0 0.971318 0.311745 0.022792 0.068139
0 0.694211 0.127981 0.019682 0.049722
0 0.769055 0.786366 0.039880 0.088398
0 0.578187 0.472829 0.027969 0.078269
0 0.288909 0.581481 0.034703 0.091167
0 0.362461 0.487560 0.034703 0.069065
8 0.100818 0.307542 0.201635 0.541435
0 0.098302 0.583324 0.028490 0.080111
0 0.272336 0.278074 0.019161 0.066296
0 0.312995 0.109569 0.022792 0.047880
