2 0.381641 0.465204 0.007365 0.013685
1 0.764927 0.249495 0.017094 0.055250
0 0.768609 0.142426 0.016427 0.049722
0 0.638464 0.530782 0.027167 0.075917
1 0.604854 0.514208 0.023312 0.071824
1 0.462479 0.441532 0.026917 0.067861
0 0.470510 0.295884 0.027208 0.068139
1 0.520453 0.242287 0.023823 0.063537
0 0.371042 0.498273 0.028271 0.075769
0 0.347070 0.551644 0.026839 0.091157
1 0.237831 0.480306 0.031078 0.074704
0 0.298266 0.313310 0.026917 0.069917
0 0.332268 0.139481 0.022786 0.053167
1 0.321891 0.100222 0.021927 0.052296
0 0.149167 0.605231 0.028490 0.080111
0 0.858458 0.724495 0.024979 0.087398
8 0.139714 0.432815 0.279427 0.725852
