4 0.660576 0.078884 0.678849 0.031935
2 0.388951 0.455736 0.007380 0.012639
1 0.922331 0.494028 0.026370 0.081463
0 0.969370 0.235509 0.015479 0.058667
1 0.982984 0.314088 0.022958 0.059880
0 0.694992 0.614935 0.027682 0.084389
0 0.667891 0.347889 0.026104 0.065667
1 0.548690 0.417153 0.020599 0.056509
1 0.623229 0.356847 0.022865 0.072120
0 0.562255 0.397347 0.026740 0.074380
0 0.521870 0.403931 0.022219 0.055750
0 0.456893 0.464343 0.025380 0.080278
1 0.523438 0.665861 0.032708 0.089093
0 0.412943 0.734222 0.031760 0.099222
10 0.278372 0.478023 0.026536 0.082269
6 0.131242 0.493532 0.127620 0.272046
8 0.341794 0.603750 0.683068 0.792500
