4 0.500000 0.080273 1.000000 0.006120
9 0.943982 0.457171 0.112036 0.466491
0 0.118977 0.463019 0.026484 0.077037
0 0.214466 0.329634 0.039318 0.061343
0 0.138234 0.166292 0.036115 0.057065
0 0.412271 0.341046 0.041729 0.064204
0 0.594026 0.288977 0.029687 0.071324
0 0.491312 0.225495 0.028083 0.064194
0 0.412271 0.853185 0.030490 0.084167
1 0.117646 0.138745 0.012958 0.059139
1 0.278451 0.325120 0.028422 0.053500
1 0.420552 0.281532 0.022844 0.059435
1 0.421388 0.512856 0.026745 0.070343
1 0.679953 0.197324 0.017833 0.035667
1 0.782211 0.314722 0.020620 0.060426
1 0.815089 0.486602 0.028417 0.071333
2 0.433094 0.521537 0.010573 0.016481
