4 0.637122 0.078880 0.725755 0.025963
2 0.528180 0.429653 0.007380 0.012639
1 0.899490 0.532648 0.031292 0.087870
0 0.927602 0.220519 0.015474 0.055481
1 0.985305 0.307903 0.019599 0.059880
0 0.678292 0.608065 0.027677 0.078852
0 0.660766 0.348685 0.022312 0.065667
1 0.519294 0.385755 0.022609 0.071083
1 0.610089 0.380042 0.022865 0.072120
0 0.582487 0.428329 0.034932 0.061102
0 0.494451 0.382356 0.021922 0.055750
0 0.443971 0.519208 0.033120 0.080269
1 0.462583 0.737944 0.032708 0.089093
0 0.386281 0.788352 0.031760 0.099222
10 0.215180 0.494551 0.026536 0.085324
6 0.065568 0.514833 0.131135 0.277889
8 0.313430 0.607931 0.626859 0.784139
