9 0.845023 0.282259 0.306536 0.557796
2 0.463615 0.644130 0.008958 0.016111
1 0.497404 0.027329 0.031297 0.052787
1 0.511445 0.153583 0.036911 0.071333
1 0.541138 0.333333 0.030495 0.074185
1 0.469721 0.515935 0.035307 0.079889
1 0.292380 0.292671 0.022469 0.067046
1 0.309229 0.097944 0.024073 0.068481
1 0.032786 0.130042 0.024875 0.061343
1 0.131490 0.222056 0.023271 0.074185
1 0.083339 0.538759 0.023271 0.074185
0 0.449258 0.598676 0.029693 0.079889
0 0.454875 0.263431 0.037719 0.065620
0 0.275526 0.341889 0.020865 0.074185
0 0.214141 0.100088 0.016854 0.052787
0 0.034792 0.085106 0.019260 0.048509
0 0.029201 0.277986 0.027307 0.069343
0 0.019172 0.506338 0.027302 0.072324
