4 0.500000 0.064532 1.000000 0.006120
0 0.092362 0.187736 0.026078 0.058250
0 0.216073 0.410046 0.026083 0.060630
0 0.257531 0.341097 0.024740 0.070139
0 0.405984 0.754208 0.030094 0.083213
0 0.447445 0.345255 0.028755 0.068954
0 0.462826 0.251338 0.030089 0.071324
0 0.683167 0.294134 0.024073 0.076083
1 0.040870 0.366056 0.027417 0.072519
1 0.320057 0.347037 0.024073 0.077278
1 0.433068 0.253125 0.024073 0.058250
1 0.480214 0.511690 0.027417 0.068954
1 0.713255 0.188926 0.024073 0.055870
1 0.755721 0.308403 0.022068 0.059435
1 0.812893 0.462356 0.029422 0.070139
1 0.658089 0.933718 0.044802 0.097491
2 0.467672 0.545620 0.009740 0.016389
