4 0.656898 0.081259 0.686203 0.031944
2 0.421531 0.451894 0.007375 0.012639
1 0.920096 0.500380 0.026370 0.081463
0 0.965635 0.233676 0.015479 0.058667
1 0.985174 0.313856 0.022953 0.059880
0 0.691125 0.613287 0.027677 0.084389
0 0.667000 0.346306 0.026104 0.065667
1 0.543177 0.413560 0.020604 0.056509
1 0.621133 0.355324 0.022870 0.072130
0 0.563065 0.404171 0.027630 0.078639
0 0.519823 0.405616 0.022219 0.055750
0 0.452591 0.474833 0.033120 0.080278
1 0.517198 0.673935 0.032708 0.089093
0 0.407271 0.750694 0.031760 0.099222
10 0.271122 0.482662 0.026536 0.082269
6 0.122125 0.498606 0.127625 0.272046
8 0.338370 0.604588 0.676740 0.790824
