9 0.508406 0.425278 0.578323 0.753519
1 0.060654 0.419819 0.027339 0.070361
1 0.350701 0.238565 0.024536 0.056574
1 0.418419 0.422333 0.020661 0.077370
1 0.540073 0.297181 0.021000 0.068787
1 0.530474 0.250310 0.022313 0.054546
1 0.609182 0.496167 0.019344 0.085074
1 0.647049 0.412042 0.031630 0.072769
11 0.647464 0.339472 0.023406 0.041056
0 0.391320 0.460644 0.028328 0.078435
0 0.506951 0.289343 0.022755 0.061093
0 0.525526 0.177060 0.019042 0.057787
0 0.580557 0.543611 0.030646 0.072648
2 0.705641 0.383389 0.008698 0.016574
7 0.696104 0.253616 0.093208 0.209713
