0 0.011964 0.382759 0.023927 0.072296
4 0.348203 0.058000 0.696406 0.010463
10 0.890846 0.467171 0.131714 0.265231
11 0.719208 0.472782 0.025146 0.080361
1 0.132234 0.676972 0.040448 0.078759
1 0.167711 0.382991 0.027776 0.057648
0 0.312070 0.178597 0.024432 0.055491
1 0.368888 0.826296 0.044495 0.100074
1 0.409370 0.295171 0.027344 0.058306
1 0.346458 0.394449 0.026813 0.067398
1 0.353383 0.467569 0.030901 0.076213
0 0.481060 0.433847 0.029516 0.070602
2 0.496172 0.458083 0.009510 0.014907
9 0.670799 0.593356 0.658401 0.813287
