9 0.493078 0.433963 0.578323 0.752778
7 0.675581 0.260593 0.091130 0.210537
11 0.621708 0.323333 0.027375 0.076407
2 0.782875 0.483157 0.008698 0.016574
1 0.722229 0.525731 0.037958 0.043593
0 0.702724 0.500958 0.026052 0.069750
1 0.598706 0.505912 0.023974 0.089231
1 0.537409 0.292917 0.019203 0.068981
1 0.530440 0.206231 0.016578 0.063833
0 0.466359 0.174861 0.016719 0.056963
0 0.482609 0.289616 0.016719 0.070176
1 0.425492 0.258245 0.020839 0.062787
1 0.419917 0.426662 0.019812 0.074731
0 0.407383 0.485278 0.022755 0.083593
1 0.035411 0.397764 0.029479 0.082269
