11 0.741674 0.472782 0.025151 0.080361
9 0.677833 0.594681 0.644333 0.810639
2 0.498961 0.457093 0.009516 0.014907
0 0.483401 0.434245 0.029510 0.070602
1 0.353383 0.467569 0.030901 0.076213
4 0.352940 0.056019 0.705880 0.010463
1 0.343685 0.389519 0.026807 0.067389
1 0.410036 0.290417 0.027344 0.058296
1 0.373320 0.839315 0.044495 0.100074
0 0.312443 0.177769 0.024427 0.055481
1 0.169797 0.382991 0.027771 0.057648
0 0.012633 0.381810 0.025266 0.072287
1 0.133198 0.678343 0.040448 0.078759
10 0.902404 0.468819 0.131714 0.265231
