9 0.490266 0.430787 0.571344 0.752778
7 0.678122 0.259069 0.090214 0.207231
11 0.621927 0.323463 0.027375 0.076407
2 0.786312 0.490222 0.008698 0.016574
1 0.723622 0.529852 0.037964 0.043593
0 0.704120 0.496829 0.026052 0.069750
1 0.599635 0.498477 0.023979 0.089231
1 0.537872 0.292912 0.019203 0.068991
1 0.530440 0.205407 0.016578 0.063833
0 0.465427 0.174861 0.016719 0.056963
0 0.483539 0.284657 0.016714 0.070167
1 0.430141 0.261542 0.018990 0.062787
1 0.421776 0.425005 0.019813 0.074731
0 0.413427 0.491046 0.016271 0.083593
1 0.036102 0.395282 0.024359 0.082269
