1 0.775909 0.599690 0.023307 0.071824
0 0.853016 0.163542 0.016427 0.049731
0 0.840292 0.538287 0.027167 0.081241
1 0.868125 0.274042 0.017094 0.055250
1 0.611698 0.495389 0.021615 0.076574
6 0.010651 0.260032 0.021302 0.127676
10 0.078992 0.368671 0.020693 0.067083
0 0.284443 0.592037 0.028490 0.087352
1 0.415797 0.121856 0.024240 0.053769
0 0.400992 0.169454 0.020755 0.056778
0 0.387823 0.359130 0.023312 0.069907
1 0.352331 0.458366 0.021443 0.078139
0 0.447852 0.509463 0.021359 0.080926
0 0.433901 0.475458 0.018740 0.075769
1 0.609859 0.279343 0.023823 0.063537
0 0.552589 0.311722 0.026385 0.067259
0 0.976888 0.738435 0.024984 0.069407
2 0.351320 0.480074 0.007359 0.013685
8 0.199115 0.465130 0.398229 0.756222
