4 0.500000 0.064176 1.000000 0.002500
0 0.031219 0.263343 0.023406 0.061426
0 0.150750 0.503088 0.031760 0.067361
0 0.270281 0.410954 0.024521 0.065389
0 0.467828 0.664074 0.021729 0.092130
0 0.487888 0.891481 0.032880 0.073204
0 0.484753 0.308384 0.014578 0.062398
0 0.478542 0.244468 0.025917 0.061917
1 0.414109 0.458606 0.020062 0.066380
1 0.468719 0.168338 0.017833 0.058454
1 0.628164 0.477620 0.024516 0.068926
1 0.801292 0.333088 0.018948 0.064398
1 0.906333 0.644157 0.023958 0.080241
1 0.981005 0.376676 0.018385 0.070333
1 0.778164 0.071546 0.012818 0.044574
2 0.615365 0.499935 0.006771 0.012315
