4 0.499443 0.112301 0.998885 0.006120
9 0.938578 0.605606 0.122844 0.620565
0 0.059328 0.536653 0.026750 0.092731
0 0.292047 0.369648 0.029448 0.072556
0 0.302070 0.162181 0.025411 0.052306
0 0.525081 0.225778 0.022068 0.048741
0 0.551831 0.265602 0.019391 0.049926
1 0.141245 0.484940 0.024740 0.096287
1 0.081060 0.203190 0.023401 0.070139
1 0.244224 0.806514 0.034104 0.111750
1 0.368937 0.449870 0.017385 0.068944
1 0.616359 0.473051 0.030760 0.086787
1 0.607333 0.345847 0.024740 0.070139
1 0.501198 0.240583 0.028083 0.062019
2 0.517560 0.267463 0.007453 0.014019
