4 0.500000 0.104898 1.000000 0.006111
9 0.923117 0.602111 0.153766 0.650519
0 0.165318 0.167287 0.030094 0.059444
0 0.020544 0.403269 0.029422 0.070148
0 0.025224 0.524528 0.026750 0.089167
0 0.277995 0.387218 0.028083 0.076083
0 0.483622 0.302218 0.023401 0.070139
0 0.509367 0.241588 0.022734 0.063009
1 0.055648 0.196417 0.028755 0.067759
1 0.149602 0.430019 0.032099 0.085593
1 0.247234 0.711171 0.032094 0.103435
1 0.329151 0.371171 0.026083 0.067769
1 0.583260 0.239810 0.034104 0.057065
1 0.683568 0.345014 0.023406 0.082028
1 0.669201 0.490051 0.042776 0.086787
2 0.390266 0.343991 0.007552 0.013981
