1 0.445854 0.166505 0.028083 0.049935
0 0.071404 0.253352 0.018391 0.069352
0 0.190656 0.495079 0.023958 0.087176
0 0.310187 0.434148 0.020063 0.078259
0 0.516651 0.632782 0.022844 0.083213
0 0.584917 0.962181 0.035667 0.072324
0 0.500721 0.303824 0.014901 0.066426
0 0.505203 0.252269 0.021708 0.051648
1 0.366411 0.459667 0.028083 0.082741
1 0.585479 0.471792 0.024875 0.089880
1 0.770844 0.321287 0.021667 0.071333
1 0.779271 0.087329 0.020865 0.051361
1 0.979482 0.386194 0.021661 0.075611
1 0.876367 0.669375 0.028891 0.097009
2 0.471818 0.378639 0.006937 0.014556
4 0.499893 0.066056 0.998505 0.002500
