4 0.500000 0.103421 1.000000 0.006120
9 0.926648 0.590412 0.146703 0.630546
0 0.036406 0.525537 0.021792 0.085204
0 0.040307 0.395759 0.029594 0.067370
0 0.165411 0.164435 0.029031 0.056463
0 0.299740 0.385852 0.028979 0.069352
0 0.493706 0.299847 0.027411 0.067361
0 0.516008 0.241324 0.022036 0.057333
1 0.063742 0.191898 0.028755 0.063000
1 0.163711 0.430255 0.042797 0.102231
1 0.265023 0.697736 0.035443 0.092731
1 0.336573 0.367843 0.027417 0.072519
1 0.600714 0.242421 0.034104 0.038046
1 0.700016 0.342282 0.024073 0.066565
1 0.686977 0.494454 0.038120 0.085593
2 0.383005 0.349954 0.009167 0.015463
