0 0.042281 0.263792 0.017271 0.067361
0 0.170729 0.571398 0.020062 0.088167
0 0.248466 0.384653 0.019505 0.069343
0 0.452979 0.733375 0.022844 0.089157
0 0.461060 0.831449 0.023401 0.103028
0 0.466521 0.283588 0.019396 0.068954
0 0.474211 0.250894 0.017391 0.063009
1 0.491930 0.455370 0.015380 0.079648
1 0.518815 0.171597 0.014714 0.058250
1 0.745841 0.464644 0.018057 0.087972
1 0.870888 0.338644 0.019391 0.066602
1 0.808365 0.062824 0.014708 0.052315
1 0.993120 0.627509 0.013760 0.090352
2 0.500500 0.493954 0.007396 0.014167
4 0.500000 0.063824 1.000000 0.002407
