0 0.475706 0.433125 0.020880 0.066046
1 0.490896 0.169116 0.024240 0.057194
0 0.414888 0.611681 0.032766 0.083676
10 0.271057 0.411292 0.028292 0.061731
6 0.141049 0.341639 0.110401 0.222907
8 0.277297 0.524245 0.553646 0.806824
2 0.302518 0.460167 0.007359 0.013685
0 0.948313 0.192542 0.019458 0.051250
1 0.952279 0.596120 0.028339 0.088222
1 0.745052 0.555241 0.023948 0.080111
0 0.631789 0.318032 0.020141 0.067269
1 0.675760 0.321032 0.026604 0.070824
4 0.656094 0.008491 0.687812 0.016981
0 0.458031 0.475718 0.026542 0.075769
0 0.578807 0.535667 0.025115 0.080926
1 0.495542 0.453458 0.026698 0.072343
0 0.453826 0.224051 0.024536 0.055250
