1 0.272529 0.256588 0.026807 0.076287
9 0.805432 0.239449 0.389135 0.478898
2 0.487435 0.650602 0.009589 0.017037
1 0.476156 0.501690 0.031344 0.065361
1 0.575224 0.292894 0.022833 0.070176
1 0.534362 0.102269 0.029620 0.060000
1 0.290638 0.069352 0.017328 0.050519
1 0.119281 0.206065 0.023458 0.066370
1 0.052411 0.510204 0.037948 0.088167
0 0.484844 0.204083 0.034604 0.064389
0 0.193398 0.090153 0.015661 0.064398
0 0.227948 0.324944 0.025687 0.060426
0 0.457815 0.594407 0.024016 0.084204
5 0.500000 0.913676 1.000000 0.027870
7 0.985286 0.067310 0.029427 0.133769
11 0.976695 0.157569 0.022464 0.054917
