10 0.325102 0.450458 0.046307 0.054565
4 0.682836 0.022398 0.634328 0.027963
6 0.205620 0.357398 0.125510 0.222907
8 0.355755 0.547278 0.553635 0.835315
2 0.148195 0.414981 0.007359 0.013685
0 0.965880 0.210028 0.024479 0.052370
1 0.762164 0.555532 0.032870 0.080102
0 0.646432 0.324181 0.022135 0.067269
1 0.694398 0.354370 0.024130 0.074204
0 0.451789 0.478597 0.026547 0.078287
0 0.628745 0.561667 0.025115 0.080926
1 0.533281 0.475051 0.029323 0.071806
0 0.477432 0.451954 0.027448 0.076778
0 0.461664 0.245037 0.024536 0.057519
1 0.542424 0.187542 0.023026 0.060398
0 0.433445 0.619745 0.028484 0.087361
