0 0.172758 0.574134 0.021401 0.086787
0 0.042026 0.262069 0.016719 0.064194
0 0.247987 0.385106 0.019391 0.070139
0 0.466654 0.284653 0.018057 0.068954
0 0.474680 0.249583 0.019391 0.065389
0 0.451943 0.734625 0.023406 0.093917
0 0.459297 0.832106 0.023406 0.101046
1 0.492065 0.458815 0.014047 0.072519
1 0.518479 0.172310 0.013375 0.063009
1 0.807695 0.061755 0.011370 0.051120
1 0.745172 0.465356 0.016052 0.087972
1 0.870888 0.340528 0.016047 0.071333
1 0.994289 0.627032 0.011422 0.087972
2 0.500193 0.493704 0.006979 0.013889
4 0.500000 0.064074 1.000000 0.002778
