0 0.016594 0.496389 0.033188 0.094148
5 0.499885 0.996134 0.999771 0.007731
9 0.836594 0.269106 0.326813 0.538213
2 0.473187 0.645639 0.008281 0.014074
1 0.475336 0.503519 0.035307 0.079889
1 0.550768 0.323056 0.040120 0.081315
1 0.519070 0.143310 0.036109 0.072750
1 0.496201 0.018514 0.028891 0.037028
1 0.305622 0.087676 0.021672 0.067056
1 0.292779 0.273843 0.031297 0.071333
1 0.079729 0.540611 0.036917 0.085593
1 0.129482 0.218204 0.032099 0.074185
1 0.036799 0.111213 0.028089 0.057056
0 0.454070 0.596250 0.036109 0.088444
0 0.467313 0.250306 0.036917 0.081315
0 0.266299 0.338750 0.028089 0.078463
0 0.209727 0.097662 0.017651 0.058491
0 0.030380 0.071981 0.021667 0.047074
0 0.019146 0.271704 0.023271 0.075611
