9 0.535388 0.323218 0.533609 0.638361
7 0.709187 0.173921 0.086000 0.189380
11 0.671745 0.239074 0.020573 0.062778
0 0.017349 0.041778 0.019396 0.048741
0 0.432617 0.349088 0.020734 0.068954
0 0.550310 0.517306 0.023401 0.079648
0 0.532589 0.093495 0.020062 0.052306
0 0.539945 0.212375 0.014714 0.061824
1 0.112307 0.286083 0.023406 0.083222
1 0.308573 0.144616 0.017385 0.064194
1 0.445992 0.203458 0.022068 0.070139
1 0.431615 0.300944 0.020062 0.053500
1 0.565021 0.325315 0.024740 0.071333
1 0.615174 0.271222 0.028755 0.055870
1 0.550646 0.201676 0.013375 0.047556
2 0.565708 0.523648 0.008125 0.016204
