0 0.474469 0.249903 0.020062 0.061343
4 0.500000 0.063954 1.000000 0.002685
2 0.621643 0.493602 0.008703 0.012611
1 0.975599 0.630088 0.022469 0.097009
1 0.854432 0.336926 0.022469 0.069907
1 0.800667 0.067301 0.019260 0.052787
1 0.508576 0.171440 0.017651 0.061343
1 0.715206 0.464602 0.026484 0.082741
1 0.476477 0.458185 0.022464 0.072759
0 0.449195 0.845481 0.041724 0.077000
0 0.448794 0.724954 0.034505 0.095574
0 0.463638 0.288421 0.016047 0.061343
0 0.250589 0.395417 0.020062 0.067056
0 0.161917 0.564468 0.028885 0.097009
0 0.029911 0.267023 0.023271 0.067046
