0 0.089846 0.100259 0.019953 0.052519
9 0.895419 0.523037 0.209161 0.649852
2 0.548148 0.464120 0.009516 0.014907
0 0.518734 0.439597 0.031323 0.058065
1 0.516927 0.488241 0.033344 0.070556
1 0.380438 0.356639 0.026812 0.067389
1 0.438664 0.251653 0.027349 0.058306
1 0.361570 0.861565 0.044495 0.083889
0 0.350898 0.188009 0.024432 0.055481
1 0.253672 0.368806 0.027771 0.057648
0 0.162310 0.385616 0.026214 0.072287
1 0.219297 0.644102 0.040448 0.078759
1 0.010763 0.475065 0.021526 0.080593
0 0.004505 0.255565 0.009010 0.058259
4 0.499891 0.069560 0.999781 0.003472
