4 0.694346 0.070560 0.611307 0.031935
2 0.175680 0.530181 0.007380 0.012639
1 0.950992 0.454231 0.024995 0.081907
0 0.978909 0.251593 0.018234 0.058667
1 0.986854 0.310648 0.018583 0.059870
0 0.678602 0.555833 0.026609 0.084389
0 0.677466 0.346306 0.020984 0.065667
1 0.558823 0.403306 0.028500 0.060907
1 0.635182 0.371829 0.022885 0.066269
0 0.516370 0.354074 0.026740 0.065167
0 0.489323 0.407866 0.024896 0.071972
0 0.469638 0.429134 0.025380 0.077139
1 0.526844 0.560977 0.027042 0.079676
0 0.424292 0.629338 0.031760 0.087546
10 0.332737 0.518653 0.041505 0.057380
6 0.225794 0.444745 0.112109 0.246417
8 0.428648 0.592972 0.651911 0.811759
