4 0.500000 0.067773 1.000000 0.006120
9 0.953023 0.397324 0.093953 0.392315
0 0.105268 0.175019 0.028755 0.049926
0 0.193539 0.408616 0.022068 0.051120
0 0.243357 0.328968 0.036109 0.077269
0 0.432599 0.332532 0.021396 0.055880
0 0.468042 0.232083 0.017385 0.054685
0 0.652604 0.279630 0.021396 0.073704
0 0.428922 0.775366 0.035437 0.083213
1 0.020977 0.356907 0.022130 0.078463
1 0.312201 0.334315 0.028151 0.061815
1 0.432232 0.255259 0.019464 0.053500
1 0.705734 0.175611 0.018125 0.053500
1 0.759229 0.304597 0.023469 0.076083
1 0.802359 0.461523 0.036177 0.083213
1 0.681326 0.940611 0.033505 0.095111
1 0.467005 0.494806 0.026146 0.073704
2 0.455211 0.535843 0.008026 0.014630
