4 0.500000 0.067213 1.000000 0.006111
9 0.954794 0.392213 0.090411 0.387556
0 0.101857 0.176685 0.023401 0.054685
0 0.195477 0.409685 0.023401 0.047556
0 0.242286 0.329444 0.019396 0.065389
0 0.434539 0.334796 0.022734 0.054685
0 0.468307 0.233745 0.020729 0.052306
0 0.657888 0.273569 0.016047 0.058250
0 0.425510 0.766333 0.030094 0.080833
1 0.022951 0.360944 0.028755 0.078463
1 0.316846 0.335384 0.025411 0.082028
1 0.430862 0.255139 0.019391 0.042796
1 0.466971 0.498852 0.026078 0.073704
1 0.676276 0.939898 0.040792 0.097481
1 0.806341 0.463778 0.025411 0.072519
1 0.758862 0.303287 0.025411 0.065389
1 0.705365 0.178468 0.020062 0.058250
2 0.456359 0.536963 0.008750 0.014167
