4 0.500000 0.069162 1.000000 0.006120
9 0.951818 0.407069 0.096365 0.410139
0 0.106003 0.177750 0.020057 0.061815
0 0.189591 0.414324 0.022734 0.064204
0 0.241083 0.331106 0.034771 0.073713
0 0.433669 0.779884 0.034776 0.084398
0 0.431328 0.332894 0.027417 0.058250
0 0.469781 0.230653 0.024073 0.063009
0 0.647323 0.283556 0.023406 0.078463
1 0.016698 0.359639 0.022135 0.080833
1 0.308589 0.332889 0.022802 0.079648
1 0.433971 0.256810 0.022130 0.051120
1 0.461052 0.488630 0.029490 0.060630
1 0.687076 0.951667 0.034839 0.085593
1 0.805771 0.464847 0.030156 0.086787
1 0.762974 0.305546 0.018125 0.065389
1 0.704797 0.173588 0.019458 0.058250
2 0.451307 0.535204 0.009063 0.016944
