0 0.067474 0.385852 0.030625 0.072296
9 0.787654 0.599241 0.424693 0.801519
2 0.522146 0.454315 0.009510 0.014907
0 0.495552 0.434245 0.029510 0.070602
1 0.459516 0.465704 0.030906 0.076222
1 0.343224 0.364444 0.026813 0.067389
1 0.416326 0.256653 0.027349 0.058306
1 0.342888 0.878005 0.044495 0.090769
0 0.321638 0.176944 0.024432 0.055481
1 0.194260 0.378324 0.027771 0.057648
1 0.146104 0.662250 0.040448 0.078759
0 0.055013 0.100676 0.019953 0.052519
11 0.971745 0.501444 0.021563 0.075963
4 0.428448 0.065926 0.856896 0.010463
