9 0.520021 0.379491 0.567719 0.724537
7 0.702807 0.216417 0.091052 0.203648
11 0.672458 0.277491 0.041542 0.058537
0 0.019297 0.104745 0.027302 0.049528
0 0.398510 0.424236 0.026750 0.074306
0 0.557607 0.531727 0.020620 0.079250
0 0.533924 0.255329 0.022286 0.063398
0 0.546461 0.150315 0.015047 0.057463
1 0.083104 0.376190 0.022292 0.083213
1 0.322167 0.195394 0.018948 0.054491
1 0.429161 0.377676 0.014490 0.088167
1 0.515813 0.233532 0.017271 0.065380
1 0.552870 0.250870 0.018948 0.056463
1 0.635901 0.346468 0.024521 0.065380
1 0.605531 0.449500 0.026187 0.081241
2 0.666797 0.312028 0.009323 0.015926
