4 0.690667 0.072940 0.618667 0.031935
2 0.206003 0.487051 0.007380 0.012639
1 0.962643 0.457398 0.029036 0.081463
0 0.995313 0.238028 0.009375 0.058667
0 0.715867 0.563806 0.035089 0.084389
0 0.700401 0.340370 0.026104 0.065667
1 0.592076 0.416713 0.024057 0.056500
1 0.659750 0.353750 0.019792 0.062796
0 0.563062 0.365426 0.026740 0.065167
0 0.534000 0.400023 0.023958 0.071972
0 0.495938 0.437718 0.025385 0.080269
1 0.554831 0.581481 0.027047 0.079667
0 0.453224 0.658588 0.031760 0.093213
10 0.340852 0.456611 0.039130 0.059556
6 0.220813 0.448505 0.113271 0.252046
8 0.421310 0.597639 0.658099 0.804722
