9 0.778625 0.598185 0.442750 0.803630
2 0.520029 0.453722 0.009516 0.014907
0 0.495104 0.433449 0.029510 0.070602
1 0.457102 0.463139 0.030901 0.076222
1 0.343685 0.366093 0.026807 0.067389
1 0.416326 0.258079 0.027349 0.058306
1 0.344424 0.880056 0.044495 0.090778
0 0.319687 0.176282 0.024427 0.055491
1 0.191250 0.378519 0.027771 0.057648
0 0.065201 0.389894 0.030620 0.072287
1 0.140708 0.660537 0.040448 0.078759
0 0.052690 0.099991 0.019953 0.052519
11 0.957031 0.503824 0.021563 0.075963
4 0.422596 0.065926 0.845193 0.010463
