9 0.492214 0.439579 0.578323 0.759435
7 0.680750 0.265384 0.093208 0.212380
11 0.629549 0.342583 0.022578 0.049648
1 0.684508 0.466037 0.036193 0.057000
1 0.594151 0.524491 0.021115 0.076944
0 0.626656 0.525870 0.026052 0.064278
2 0.734859 0.492000 0.008698 0.016574
0 0.389320 0.470051 0.022755 0.073472
1 0.415073 0.438532 0.019813 0.074731
0 0.481885 0.294875 0.016719 0.070176
1 0.524435 0.303167 0.019203 0.068981
1 0.524997 0.235153 0.016578 0.063843
0 0.498307 0.193352 0.016719 0.056963
1 0.382138 0.263356 0.020839 0.056417
1 0.029510 0.415306 0.029479 0.079537
