0 0.027346 0.272727 0.027286 0.062769
0 0.156141 0.553051 0.026479 0.095583
0 0.254036 0.397556 0.021667 0.069907
0 0.453445 0.708546 0.032099 0.089870
0 0.455854 0.846926 0.040125 0.072759
0 0.465484 0.291986 0.025677 0.067046
0 0.475914 0.248477 0.017651 0.057065
1 0.466286 0.453907 0.020865 0.079889
1 0.500391 0.172870 0.016854 0.065630
1 0.703810 0.469597 0.025682 0.074176
1 0.844641 0.336213 0.021667 0.069907
1 0.965409 0.631514 0.020859 0.092731
1 0.794487 0.068727 0.024078 0.054213
2 0.652656 0.490972 0.008021 0.014722
4 0.500000 0.064019 1.000000 0.002500
