4 0.500000 0.106347 1.000000 0.006120
9 0.918737 0.615259 0.162526 0.677907
0 0.014659 0.524764 0.028089 0.086787
0 0.009336 0.405292 0.018672 0.068954
0 0.164784 0.165745 0.032766 0.055880
0 0.265422 0.396370 0.030760 0.072519
0 0.474060 0.295917 0.024078 0.071333
0 0.506826 0.237667 0.025411 0.054685
1 0.047760 0.193681 0.023406 0.064194
1 0.134023 0.439171 0.026078 0.079657
1 0.236000 0.721514 0.036115 0.111750
1 0.324271 0.380921 0.026750 0.074898
1 0.570018 0.236477 0.028755 0.052306
1 0.666312 0.348227 0.034104 0.078454
1 0.654276 0.489699 0.032771 0.087972
2 0.399339 0.333120 0.010156 0.016481
