9 0.492656 0.440593 0.578323 0.759426
7 0.682276 0.268602 0.093208 0.212389
11 0.629646 0.341157 0.022573 0.055833
1 0.688469 0.491500 0.036198 0.057000
2 0.746130 0.527963 0.008698 0.016574
0 0.643966 0.519023 0.026047 0.069750
1 0.594818 0.525898 0.021115 0.076944
1 0.527872 0.305060 0.019203 0.068991
1 0.526326 0.227315 0.016578 0.063833
0 0.491109 0.191546 0.016719 0.056963
0 0.481432 0.296806 0.016719 0.070167
1 0.396297 0.267912 0.020833 0.056417
1 0.412938 0.438523 0.019812 0.074731
0 0.392039 0.468796 0.022755 0.073481
1 0.028276 0.417199 0.029479 0.079546
