4 0.600911 0.082449 0.798177 0.025954
2 0.558690 0.402616 0.007380 0.012639
1 0.955417 0.818130 0.026958 0.096593
1 0.853581 0.487259 0.023901 0.071537
0 0.835172 0.193958 0.018000 0.059194
1 0.852922 0.256343 0.022552 0.050926
0 0.675211 0.564000 0.027682 0.078852
0 0.637164 0.327704 0.022318 0.065667
1 0.529815 0.305616 0.022609 0.065009
1 0.566680 0.379963 0.017495 0.065815
0 0.582503 0.461204 0.037286 0.072130
0 0.430469 0.303634 0.021927 0.055750
0 0.389055 0.552287 0.028120 0.080278
1 0.386068 0.778139 0.027240 0.089093
0 0.361698 0.822981 0.031760 0.099222
10 0.106339 0.496213 0.026542 0.085333
6 0.014422 0.473690 0.028760 0.170954
8 0.261909 0.610023 0.523818 0.779954
