0 0.651862 0.323301 0.022130 0.067269
4 0.682836 0.023389 0.634328 0.027963
8 0.355237 0.547278 0.553641 0.835315
2 0.152779 0.426556 0.007359 0.013685
0 0.970599 0.209134 0.024479 0.052361
1 0.773190 0.557000 0.032870 0.080111
1 0.694779 0.353519 0.024130 0.074204
0 0.456552 0.482153 0.026552 0.078287
0 0.630688 0.561468 0.025115 0.080917
1 0.540396 0.475875 0.029323 0.071806
0 0.484906 0.456426 0.027448 0.076778
0 0.465961 0.243338 0.024536 0.055250
1 0.546378 0.189796 0.023026 0.060389
0 0.439198 0.622384 0.028490 0.087361
10 0.329766 0.447815 0.046302 0.054556
6 0.208146 0.357398 0.120458 0.222907
