9 0.536701 0.323611 0.533609 0.638370
7 0.707891 0.176199 0.080781 0.190769
11 0.664424 0.240394 0.026536 0.064991
0 0.013740 0.044875 0.017385 0.051120
0 0.429674 0.349806 0.017391 0.073704
0 0.548036 0.523963 0.026750 0.074889
0 0.529646 0.090644 0.019396 0.052306
0 0.539344 0.214278 0.016052 0.057056
1 0.112742 0.282042 0.020130 0.073713
1 0.305964 0.146519 0.013375 0.054685
1 0.441714 0.205954 0.020062 0.061815
1 0.427000 0.301060 0.021396 0.049935
1 0.566091 0.321269 0.020057 0.066574
1 0.612232 0.265394 0.026745 0.057065
1 0.550375 0.202389 0.014042 0.049926
2 0.559495 0.551769 0.008750 0.017963
