4 0.356563 0.058000 0.713125 0.010463
9 0.683271 0.594259 0.633458 0.811481
2 0.501409 0.456491 0.009516 0.014907
0 0.486297 0.432662 0.029510 0.070602
1 0.355779 0.466861 0.030901 0.076222
1 0.343224 0.388287 0.026813 0.067389
1 0.409503 0.288986 0.027349 0.058306
1 0.373128 0.845130 0.044495 0.094574
0 0.312812 0.175958 0.024427 0.055491
1 0.170760 0.383278 0.027771 0.057648
0 0.014773 0.384185 0.029547 0.072296
1 0.132812 0.679713 0.040448 0.078759
11 0.759427 0.477718 0.025146 0.080361
10 0.913258 0.467569 0.131714 0.265231
