4 0.499443 0.112301 0.998885 0.006120
9 0.947753 0.581852 0.104495 0.582037
0 0.080299 0.546185 0.033703 0.082741
0 0.319427 0.352171 0.022469 0.065620
0 0.335076 0.156019 0.028089 0.058481
0 0.532078 0.213796 0.024073 0.045648
0 0.580224 0.256593 0.030490 0.051352
1 0.096346 0.203093 0.028891 0.075611
1 0.161745 0.490551 0.026479 0.091306
1 0.271682 0.812245 0.040927 0.109843
1 0.393253 0.456315 0.027286 0.079889
1 0.613125 0.328639 0.025677 0.081315
1 0.623956 0.467727 0.031297 0.088454
1 0.503391 0.241065 0.013281 0.061759
2 0.512271 0.265231 0.008646 0.014259
