4 0.617729 0.081259 0.764542 0.025963
2 0.527190 0.421014 0.007380 0.012639
1 0.991753 0.805741 0.016495 0.096593
1 0.870151 0.523491 0.031292 0.087870
0 0.886474 0.211241 0.015479 0.055481
1 0.933591 0.287750 0.019599 0.059870
0 0.679219 0.592944 0.027677 0.078852
0 0.653862 0.340769 0.022318 0.065667
1 0.507068 0.346801 0.022604 0.054361
1 0.587479 0.381981 0.022865 0.064185
0 0.588456 0.448528 0.037286 0.072130
0 0.454266 0.344255 0.021927 0.055750
0 0.432172 0.538574 0.028115 0.080278
1 0.432917 0.750528 0.032708 0.089093
0 0.383255 0.789023 0.031760 0.099231
10 0.164885 0.495005 0.026542 0.085324
6 0.041198 0.520903 0.082396 0.277454
8 0.288495 0.610440 0.576990 0.779120
