2 0.8265625 0.39675925925925926 0.03333333333333333 0.09907407407407408
2 0.2643229166666667 0.6287037037037037 0.0328125 0.11481481481481481
2 0.6614583333333334 0.4449074074074074 0.03333333333333333 0.10462962962962963
2 0.45416666666666666 0.6467592592592593 0.03229166666666667 0.11574074074074074
2 0.7557291666666667 0.4638888888888889 0.03854166666666667 0.10740740740740741
2 0.78984375 0.4736111111111111 0.044270833333333336 0.10462962962962963
2 0.48125 0.5180555555555556 0.03125 0.11018518518518519
2 0.91875 0.8513888888888889 0.03125 0.15648148148148147
1 0.30494791666666665 0.4388888888888889 0.04010416666666667 0.09074074074074075
2 0.3171875 0.6050925925925926 0.03229166666666667 0.11203703703703703
2 0.6158854166666666 0.5763888888888888 0.024479166666666666 0.11944444444444445
2 0.5359375 0.5231481481481481 0.028125 0.10740740740740741
2 0.34453125 0.6615740740740741 0.028645833333333332 0.1398148148148148
2 0.5411458333333333 0.663425925925926 0.03333333333333333 0.14351851851851852
3 0.5638020833333334 0.7185185185185186 0.0578125 0.1388888888888889
0 0.2759270833333333 0.6716388888888889 0.010010416666666681 0.019240740740740715