2 0.23932291666666666 0.6111111111111112 0.0359375 0.14629629629629629
2 0.19713541666666667 0.5643518518518519 0.03697916666666667 0.14537037037037037
2 0.5015625 0.5083333333333333 0.04791666666666667 0.12407407407407407
2 0.771875 0.4078703703703704 0.03125 0.12129629629629629
2 0.37083333333333335 0.5421296296296296 0.040625 0.14351851851851852
2 0.6604166666666667 0.46111111111111114 0.027083333333333334 0.12222222222222222
2 0.13567708333333334 0.5856481481481481 0.03697916666666667 0.14907407407407408
3 0.5643229166666667 0.745212962962963 0.050520833333333334 0.16574074074074074
2 0.696875 0.8240740740740741 0.036458333333333336 0.17037037037037037
2 0.7203125 0.5356481481481481 0.036458333333333336 0.12129629629629629
2 0.33671875 0.5476851851851852 0.033854166666666664 0.1361111111111111
2 0.86875 0.38981481481481484 0.03333333333333333 0.1037037037037037
1 0.43776041666666665 0.4675925925925926 0.034895833333333334 0.11481481481481481
2 0.98125 0.5023148148148148 0.035416666666666666 0.14351851851851852
0 0.47414062500000004 0.5470925925925926 0.010109375000000042 0.01820370370370378