2 0.12161458333333333 0.8171296296296297 0.05677083333333333 0.15833333333333333
2 0.8354166666666667 0.6467592592592593 0.040625 0.14907407407407408
2 0.70546875 0.43796296296296294 0.028645833333333332 0.11481481481481481
2 0.6828125 0.6699074074074074 0.041666666666666664 0.11574074074074074
2 0.5151041666666667 0.5541666666666667 0.03333333333333333 0.1287037037037037
2 0.6083333333333333 0.7462962962962963 0.035416666666666666 0.13333333333333333
2 0.7104166666666667 0.8083333333333333 0.042708333333333334 0.15
2 0.08828125 0.18333333333333332 0.0234375 0.07962962962962963
2 0.32708333333333334 0.24444444444444444 0.023958333333333335 0.09074074074074075
3 0.05581770833333334 0.40152777777777776 0.02552083333333334 0.11296296296296296
2 0.5 0.3351851851851852 0.022916666666666665 0.10185185185185185
1 0.86796875 0.24768518518518517 0.021354166666666667 0.09907407407407408
2 0.30911458333333336 0.425462962962963 0.034895833333333334 0.09166666666666666
2 0.306296875 0.3912962962962963 0.024619791666666658 0.10686111111111109
0 0.5866562500000001 0.7891296296296296 0.01019791666666663 0.020296296296296364