2 0.7421875 0.45925925925925926 0.036458333333333336 0.13333333333333333
2 0.38671875 0.5898148148148148 0.0578125 0.17037037037037037
2 0.6377604166666667 0.4564814814814815 0.049479166666666664 0.12962962962962962
2 0.7013020833333333 0.5791666666666667 0.04635416666666667 0.17685185185185184
2 0.6026041666666667 0.33240740740740743 0.03854166666666667 0.12222222222222222
3 0.44114583333333335 0.7319444444444444 0.05625 0.17314814814814813
2 0.40182291666666664 0.4217592592592593 0.0234375 0.15092592592592594
2 0.02265625 0.6037037037037037 0.0453125 0.1574074074074074
2 0.25494791666666666 0.5226851851851851 0.058854166666666666 0.14537037037037037
2 0.5221354166666666 0.4097222222222222 0.0484375 0.13425925925925927
2 0.2916666666666667 0.5310185185185186 0.042708333333333334 0.14907407407407408
2 0.76875 0.6564814814814814 0.04791666666666667 0.1685185185185185
1 0.20026041666666666 0.4178981481481481 0.03697916666666667 0.13888888888888884
2 0.5518229166666667 0.3861111111111111 0.05572916666666667 0.12407407407407407
2 0.03697916666666667 0.7439814814814815 0.035416666666666666 0.18796296296296297
0 0.8348333333333334 0.5516574074074073 0.013411458333333333 0.024277777777777804