2 0.43255208333333334 0.4837962962962963 0.0328125 0.10833333333333334
2 0.30390625 0.4935185185185185 0.028645833333333332 0.10740740740740741
2 0.5502604166666667 0.49722222222222223 0.024479166666666666 0.10740740740740741
2 0.04609375 0.4356481481481482 0.033854166666666664 0.10277777777777777
2 0.6236979166666666 0.6314814814814815 0.022395833333333334 0.12962962962962962
2 0.5963541666666666 0.3851851851851852 0.016666666666666666 0.07962962962962963
2 0.575 0.7282407407407407 0.026041666666666668 0.13240740740740742
3 0.25677083333333334 0.4675925925925926 0.022916666666666665 0.10740740740740741
2 0.40260416666666665 0.3763888888888889 0.022916666666666665 0.06574074074074074
2 0.014322916666666666 0.4925925925925926 0.028645833333333332 0.11481481481481481
2 0.4234375 0.3819444444444444 0.020833333333333332 0.06574074074074074
2 0.9544270833333334 0.7268518518518519 0.0296875 0.13703703703703704
2 0.6856770833333333 0.4393518518518518 0.022395833333333334 0.10277777777777777
2 0.8755208333333333 0.5805555555555556 0.029166666666666667 0.12777777777777777
2 0.89140625 0.586574074074074 0.0296875 0.12314814814814815
2 0.62421875 0.41203703703703703 0.025520833333333333 0.1
2 0.3770833333333333 0.9560185185185185 0.046875 0.08425925925925926
0 0.47299479166666664 0.41705555555555557 0.006916666666666653 0.014935185185185182