2 0.609375 0.5375 0.04375 0.10092592592592593
2 0.5375 0.4009259259259259 0.03958333333333333 0.09444444444444444
2 0.5010416666666667 0.5185185185185185 0.04375 0.10555555555555556
2 0.03177083333333333 0.4083333333333333 0.03229166666666667 0.11296296296296296
2 0.16328125 0.6949074074074074 0.03697916666666667 0.12314814814814815
2 0.22526041666666666 0.2861111111111111 0.03177083333333333 0.09074074074074075
2 0.396875 0.3435185185185185 0.029166666666666667 0.09814814814814815
2 0.46796875 0.23703703703703705 0.024479166666666666 0.08148148148148149
2 0.014583333333333334 0.5444444444444444 0.029166666666666667 0.12777777777777777
2 0.96875 0.8064814814814815 0.05416666666666667 0.14444444444444443
3 0.38203125 0.624537037037037 0.04010416666666667 0.13240740740740742
2 0.36432291666666666 0.5319444444444444 0.04114583333333333 0.10277777777777777
2 0.30885416666666665 0.6180555555555556 0.022916666666666665 0.11944444444444445
2 0.40078125 0.4976851851851852 0.030729166666666665 0.09722222222222222
0 0.7136250000000001 0.7677314814814815 0.011729166666666657 0.022268518518518476