2 0.34375 0.6694444444444444 0.0375 0.13518518518518519
2 0.5192708333333333 0.5638888888888889 0.04895833333333333 0.1259259259259259
2 0.6854166666666667 0.8 0.052083333333333336 0.1537037037037037
2 0.7419270833333333 0.5726851851851852 0.0453125 0.13425925925925927
2 0.15390625 0.8921296296296296 0.04010416666666667 0.18425925925925926
2 0.5807291666666666 0.4703703703703704 0.03229166666666667 0.12222222222222222
2 0.7471354166666667 0.3421296296296296 0.0265625 0.09907407407407408
2 0.9510416666666667 0.6425925925925926 0.05 0.14629629629629629
3 0.7875 0.6787037037037037 0.035416666666666666 0.15555555555555556
2 0.5903645833333333 0.6185185185185185 0.050520833333333334 0.13518518518518519
3 0.8739583333333333 0.23810185185185184 0.0375 0.08425925925925926
2 0.9786458333333333 0.9180555555555555 0.040625 0.16018518518518518
0 0.695578125 0.4684351851851852 0.008697916666666573 0.01684259259259259