2 0.45026041666666666 0.6296296296296297 0.04114583333333333 0.11666666666666667
2 0.8192708333333333 0.624537037037037 0.03958333333333333 0.11018518518518519
3 0.18177083333333333 0.5504629629629629 0.03125 0.09907407407407408
2 0.31692708333333336 0.6504629629629629 0.0265625 0.12129629629629629
2 0.6744791666666666 0.6231481481481481 0.046875 0.11666666666666667
2 0.34270833333333334 0.5458333333333333 0.028125 0.10648148148148148
2 0.67578125 0.7601851851851852 0.027604166666666666 0.12962962962962962
2 0.012760416666666666 0.7773148148148148 0.025520833333333333 0.1287037037037037
2 0.47109375 0.425462962962963 0.0265625 0.0824074074074074
2 0.7075520833333333 0.5601851851851852 0.04635416666666667 0.09444444444444444
2 0.7497395833333333 0.5143518518518518 0.0296875 0.09722222222222222
0 0.84321875 0.6109351851851851 0.010015625000000009 0.017500000000000085