2 0.6450520833333333 0.8398148148148148 0.033854166666666664 0.1648148148148148
2 0.29270833333333335 0.43472222222222223 0.023958333333333335 0.10648148148148148
2 0.16171875 0.5615740740740741 0.025520833333333333 0.12314814814814815
2 0.5046875 0.6134259259259259 0.04791666666666667 0.125
2 0.853125 0.5564814814814815 0.025 0.11481481481481481
2 0.48880208333333336 0.3226851851851852 0.024479166666666666 0.0824074074074074
2 0.41640625 0.48148148148148145 0.022395833333333334 0.10740740740740741
2 0.6221354166666667 0.3768518518518518 0.0265625 0.08888888888888889
3 0.3979947916666667 0.27685185185185185 0.019270833333333334 0.08333333333333333
3 0.4940104166666667 0.5884259259259259 0.0296875 0.12314814814814815
0 0.7422135416666666 0.360787037037037 0.006416666666666752 0.010851851851851876