2 0.33515625 0.7152777777777778 0.034895833333333334 0.14722222222222223
2 0.45677083333333335 0.8217592592592593 0.0375 0.12685185185185185
2 0.2557291666666667 0.5268518518518519 0.030208333333333334 0.11851851851851852
2 0.19947916666666668 0.46111111111111114 0.029166666666666667 0.1037037037037037
2 0.10286458333333333 0.7111111111111111 0.03802083333333333 0.14444444444444443
2 0.35 0.5583333333333333 0.028125 0.12777777777777777
2 0.5640625 0.4064814814814815 0.029166666666666667 0.09444444444444444
2 0.7122395833333334 0.5449074074074074 0.0296875 0.1287037037037037
2 0.671875 0.5324074074074074 0.03333333333333333 0.12777777777777777
2 0.6286458333333333 0.6574074074074074 0.027083333333333334 0.13703703703703704
2 0.6151041666666667 0.9064814814814814 0.034375 0.16666666666666666
3 0.09427083333333333 0.5362962962962964 0.035416666666666666 0.12037037037037036
2 0.6205729166666667 0.5078703703703704 0.024479166666666666 0.11388888888888889
0 0.7061666666666666 0.32522222222222225 0.009104166666666675 0.015842592592592606