2 0.8393229166666667 0.5175925925925926 0.016145833333333335 0.04814814814814815
2 0.7864583333333334 0.6481481481481481 0.01875 0.046296296296296294
2 0.5473958333333333 0.7939814814814815 0.016666666666666666 0.062037037037037036
2 0.675 0.5652777777777778 0.014583333333333334 0.041666666666666664
2 0.33489583333333334 0.41064814814814815 0.013541666666666667 0.041666666666666664
2 0.3138020833333333 0.5259259259259259 0.0109375 0.044444444444444446
2 0.6341145833333334 0.712037037037037 0.0203125 0.046296296296296294
2 0.7216145833333333 0.4675925925925926 0.0109375 0.044444444444444446
2 0.303125 0.6412037037037037 0.010416666666666666 0.05092592592592592
2 0.46041666666666664 0.6611111111111111 0.011458333333333333 0.05555555555555555
2 0.35651041666666666 0.5333333333333333 0.0109375 0.046296296296296294
2 0.4036458333333333 0.6185185185185185 0.0125 0.044444444444444446
2 0.6692708333333334 0.33564814814814814 0.010416666666666666 0.03981481481481482
2 0.6489583333333333 0.725462962962963 0.017708333333333333 0.041666666666666664
3 0.4283854166666667 0.5175925925925926 0.009895833333333333 0.04259259259259259
2 0.5395833333333333 0.3226851851851852 0.009375 0.03611111111111111
2 0.6234375 0.5481481481481482 0.017708333333333333 0.04259259259259259
2 0.35989583333333336 0.45 0.010416666666666666 0.03888888888888889
4 0.38723958333333336 0.9023148148148148 0.015104166666666667 0.062037037037037036
2 0.36171875 0.3226851851851852 0.008854166666666666 0.03796296296296296
2 0.4778645833333333 0.2962962962962963 0.008854166666666666 0.03333333333333333
3 0.9096354166666667 0.8263888888888888 0.013020833333333334 0.058333333333333334
2 0.4669270833333333 0.4310185185185185 0.009895833333333333 0.03981481481481482
4 0.47317708333333336 0.8518518518518519 0.016145833333333335 0.05925925925925926
4 0.5200520833333333 0.8453703703703703 0.0140625 0.05555555555555555
0 0.629015625 0.7276759259259259 0.004932291666666562 0.008009259259259343