2 0.61640625 0.6912037037037037 0.021354166666666667 0.04351851851851852
2 0.6703125 0.7333333333333333 0.019791666666666666 0.05555555555555555
2 0.21927083333333333 0.6824074074074075 0.017708333333333333 0.05
2 0.6403645833333333 0.5587962962962963 0.013020833333333334 0.04537037037037037
2 0.6364583333333333 0.7912037037037037 0.01875 0.05277777777777778
2 0.38046875 0.7430555555555556 0.013020833333333334 0.05277777777777778
2 0.48463541666666665 0.5171296296296296 0.011979166666666667 0.04722222222222222
2 0.5916666666666667 0.7291666666666666 0.019791666666666666 0.05277777777777778
2 0.18359375 0.48333333333333334 0.011979166666666667 0.046296296296296294
2 0.5356770833333333 0.5981481481481481 0.011979166666666667 0.046296296296296294
2 0.52421875 0.6800925925925926 0.0140625 0.05092592592592592
2 0.4356770833333333 0.42685185185185187 0.0109375 0.03888888888888889
2 0.5940104166666667 0.4962962962962963 0.013020833333333334 0.04259259259259259
1 0.721875 0.37854629629629627 0.011458333333333333 0.03796296296296296
3 0.42213541666666665 0.4925925925925926 0.008854166666666666 0.044444444444444446
2 0.29765625 0.30648148148148147 0.008854166666666666 0.03888888888888889
2 0.37421875 0.6148148148148148 0.009895833333333333 0.053703703703703705
2 0.5203125 0.36898148148148147 0.009375 0.03796296296296296
2 0.37057291666666664 0.5726851851851852 0.016145833333333335 0.05092592592592592
2 0.5817708333333333 0.44166666666666665 0.011458333333333333 0.03888888888888889
2 0.55703125 0.3819444444444444 0.013020833333333334 0.03611111111111111
3 0.8082499999999999 0.7579907407407407 0.011166666666666695 0.05423148148148142
3 0.04588020833333333 0.273287037037037 0.010098958333333326 0.03862962962962965
4 0.26206770833333337 0.963138888888889 0.014869791666666672 0.06534259259259263
0 0.5853645833333334 0.7502314814814814 0.0048177083333333336 0.009972222222222205
2 0.5917760416666666 0.4721666666666667 0.008500000000000086 0.04227777777777775