2 0.23802083333333332 0.5268518518518519 0.016666666666666666 0.053703703703703705
2 0.33958333333333335 0.6351851851851852 0.017708333333333333 0.05555555555555555
2 0.61796875 0.6240740740740741 0.013020833333333334 0.05555555555555555
4 0.22604166666666667 0.9458333333333333 0.020833333333333332 0.07314814814814814
2 0.5645833333333333 0.5611111111111111 0.0125 0.05185185185185185
2 0.5356770833333333 0.6305555555555555 0.011979166666666667 0.05555555555555555
2 0.31302083333333336 0.4449074074074074 0.010416666666666666 0.04722222222222222
2 0.6770833333333334 0.7462962962962963 0.013541666666666667 0.05925925925925926
2 0.45859375 0.5949074074074074 0.0171875 0.05277777777777778
2 0.4703125 0.5162037037037037 0.011458333333333333 0.05092592592592592
2 0.5229166666666667 0.4625 0.010416666666666666 0.05092592592592592
2 0.13854166666666667 0.3611111111111111 0.010416666666666666 0.046296296296296294
2 0.44609375 0.36203703703703705 0.011979166666666667 0.037037037037037035
2 0.4315104166666667 0.5287037037037037 0.015104166666666667 0.05
2 0.39166666666666666 0.40185185185185185 0.0125 0.044444444444444446
2 0.2955729166666667 0.30648148148148147 0.0109375 0.040740740740740744
2 0.35182291666666665 0.42777777777777776 0.0109375 0.05
2 0.48984375 0.35694444444444445 0.009895833333333333 0.041666666666666664
2 0.45651041666666664 0.29814814814814816 0.0109375 0.040740740740740744
1 0.7083333333333334 0.3300925925925926 0.011458333333333333 0.041666666666666664
2 0.30026041666666664 0.22314814814814815 0.008854166666666666 0.03888888888888889
2 0.4015625 0.3398148148148148 0.010416666666666666 0.04259259259259259
3 0.7263020833333333 0.7680555555555556 0.018229166666666668 0.05462962962962963
3 0.33567708333333335 0.3912037037037037 0.009895833333333333 0.04722222222222222
4 0.013864583333333335 0.21547222222222223 0.013833333333333331 0.04121296296296295