2 0.3533854166666667 0.7236111111111111 0.018229166666666668 0.041666666666666664
2 0.4671875 0.8166666666666667 0.013541666666666667 0.05555555555555555
2 0.2994791666666667 0.6421296296296296 0.0125 0.04537037037037037
2 0.5911458333333334 0.49027777777777776 0.009375 0.041666666666666664
2 0.30130208333333336 0.500462962962963 0.011979166666666667 0.04722222222222222
2 0.7638020833333333 0.45787037037037037 0.008854166666666666 0.04351851851851852
2 0.7809895833333333 0.5361111111111111 0.009895833333333333 0.05185185185185185
2 0.5135416666666667 0.5564814814814815 0.011458333333333333 0.044444444444444446
2 0.6294270833333333 0.29768518518518516 0.0078125 0.03425925925925926
2 0.7703125 0.6921296296296297 0.011458333333333333 0.049074074074074076
2 0.3390625 0.375 0.009375 0.040740740740740744
2 0.371875 0.4009259259259259 0.009375 0.03518518518518519
2 0.47265625 0.5671296296296297 0.0109375 0.04537037037037037
4 0.24583333333333332 0.9009259259259259 0.0125 0.06111111111111111
3 0.3815104166666667 0.48518518518518516 0.008854166666666666 0.040740740740740744
1 0.7807291666666667 0.41680555555555554 0.010416666666666666 0.04351851851851852
3 0.9359375 0.7347222222222223 0.017708333333333333 0.04537037037037037
2 0.43359375 0.23935185185185184 0.009895833333333333 0.032407407407407406
2 0.24479166666666666 0.44537037037037036 0.009375 0.04259259259259259
2 0.5739583333333333 0.425 0.009375 0.03888888888888889
2 0.5549479166666667 0.40694444444444444 0.0109375 0.03611111111111111
4 0.2755208333333333 0.9574074074074074 0.014583333333333334 0.06111111111111111
4 0.4122395833333333 0.8662037037037037 0.015104166666666667 0.06388888888888888
2 0.2453125 0.5944444444444444 0.009375 0.046296296296296294
2 0.653125 0.5967592592592592 0.009375 0.041666666666666664
0 0.6532187500000001 0.4284537037037037 0.005062499999999896 0.007740740740740754
2 0.3291302083333333 0.2967314814814815 0.008223958333333314 0.03503703703703707