2 0.2825520833333333 0.6444444444444445 0.015104166666666667 0.06296296296296296
2 0.12760416666666666 0.4449074074074074 0.013541666666666667 0.058333333333333334
2 0.7596354166666667 0.7055555555555556 0.013020833333333334 0.05925925925925926
2 0.21744791666666666 0.5064814814814815 0.018229166666666668 0.046296296296296294
2 0.20130208333333333 0.5180555555555556 0.015104166666666667 0.05648148148148148
2 0.5486979166666667 0.7277777777777777 0.0140625 0.06851851851851852
1 0.8019114583333333 0.3152592592592593 0.009375 0.049074074074074076
2 0.6408854166666667 0.5685185185185185 0.0109375 0.05555555555555555
2 0.3229166666666667 0.42453703703703705 0.011458333333333333 0.05277777777777778
2 0.5010416666666667 0.32175925925925924 0.014583333333333334 0.03981481481481482
2 0.44244791666666666 0.43287037037037035 0.0109375 0.049074074074074076
2 0.5440104166666667 0.412962962962963 0.011979166666666667 0.053703703703703705
2 0.52578125 0.5986111111111111 0.013020833333333334 0.058333333333333334
2 0.51171875 0.26481481481481484 0.0109375 0.044444444444444446
2 0.5984375 0.4652777777777778 0.010416666666666666 0.05277777777777778
2 0.3729166666666667 0.3101851851851852 0.010416666666666666 0.04259259259259259
2 0.18984375 0.30462962962962964 0.0109375 0.046296296296296294
2 0.37421875 0.4212962962962963 0.011979166666666667 0.05555555555555555
3 0.3815104166666667 0.35632407407407407 0.0140625 0.04722222222222222
4 0.30625 0.9356481481481481 0.016666666666666666 0.06944444444444445
2 0.5744791666666667 0.4537037037037037 0.013541666666666667 0.05185185185185185
2 0.39296875 0.19675925925925927 0.009895833333333333 0.03981481481481482
3 0.7625 0.8175925925925925 0.015625 0.06111111111111111
2 0.5388020833333333 0.32222222222222224 0.009895833333333333 0.046296296296296294
0 0.19628645833333333 0.389962962962963 0.004906249999999978 0.008388888888888838