2 0.32109375 0.7916666666666666 0.0140625 0.06851851851851852
2 0.39114583333333336 0.6805555555555556 0.016666666666666666 0.05925925925925926
2 0.7158854166666667 0.7398148148148148 0.018229166666666668 0.06851851851851852
2 0.571875 0.6305555555555555 0.015625 0.05925925925925926
2 0.64375 0.6337962962962963 0.015625 0.062037037037037036
4 0.09088541666666666 0.7930555555555555 0.021354166666666667 0.06388888888888888
2 0.840625 0.5259259259259259 0.013541666666666667 0.05555555555555555
1 0.23463541666666668 0.362962962962963 0.0140625 0.044444444444444446
2 0.7645833333333333 0.38657407407407407 0.0125 0.04722222222222222
2 0.38645833333333335 0.5703703703703704 0.015625 0.053703703703703705
4 0.04765625 0.7833333333333333 0.013020833333333334 0.06296296296296296
2 0.53046875 0.6240740740740741 0.015104166666666667 0.05740740740740741
2 0.49505208333333334 0.34814814814814815 0.0140625 0.044444444444444446
2 0.51953125 0.4740740740740741 0.013020833333333334 0.05
4 0.12604166666666666 0.8166666666666667 0.0125 0.06111111111111111
2 0.40260416666666665 0.5726851851851852 0.009375 0.05277777777777778
2 0.6052083333333333 0.3800925925925926 0.010416666666666666 0.04537037037037037
2 0.4791666666666667 0.42777777777777776 0.020833333333333332 0.053703703703703705
3 0.5770833333333333 0.5106481481481482 0.011458333333333333 0.05092592592592592
2 0.57265625 0.23564814814814813 0.009895833333333333 0.03796296296296296
2 0.5330729166666667 0.2953703703703704 0.009895833333333333 0.040740740740740744
2 0.6109375 0.29907407407407405 0.009375 0.040740740740740744
2 0.4042291666666667 0.4832685185185185 0.011333333333333329 0.048287037037037066
2 0.3983333333333333 0.47709259259259257 0.007677083333333338 0.046157407407407376
2 0.48316666666666663 0.43257407407407406 0.012666666666666633 0.044583333333333315