2 0.6921875 0.4875 0.011458333333333333 0.03981481481481482
2 0.6979166666666666 0.6773148148148148 0.010416666666666666 0.05092592592592592
2 0.8559895833333333 0.524074074074074 0.0109375 0.046296296296296294
2 0.52578125 0.3819444444444444 0.0109375 0.03981481481481482
2 0.7401041666666667 0.3648148148148148 0.009375 0.03888888888888889
2 0.8747395833333333 0.37222222222222223 0.009895833333333333 0.04259259259259259
2 0.5294270833333333 0.43287037037037035 0.008854166666666666 0.041666666666666664
4 0.52734375 0.9 0.013020833333333334 0.05925925925925926
2 0.5104166666666666 0.28055555555555556 0.009375 0.03518518518518519
2 0.54453125 0.4351851851851852 0.008854166666666666 0.04259259259259259
4 0.6684895833333333 0.9180555555555555 0.011979166666666667 0.058333333333333334
1 0.17265625 0.3861111111111111 0.009895833333333333 0.04259259259259259
4 0.59453125 0.9097222222222222 0.013020833333333334 0.06018518518518518
2 0.81640625 0.2847222222222222 0.008854166666666666 0.03611111111111111
2 0.6890625 0.3023148148148148 0.0125 0.03611111111111111
2 0.5559895833333334 0.31666666666666665 0.008854166666666666 0.037037037037037035
2 0.528125 0.2851851851851852 0.008333333333333333 0.037037037037037035
2 0.6346354166666667 0.29444444444444445 0.008854166666666666 0.03518518518518519
2 0.7783854166666667 0.30092592592592593 0.0078125 0.03333333333333333
3 0.6028645833333334 0.35 0.0109375 0.037037037037037035
2 0.67109375 0.34120370370370373 0.0067708333333333336 0.03611111111111111
2 0.5605625 0.2630648148148148 0.006911458333333324 0.03303703703703699
2 0.58271875 0.269712962962963 0.007385416666666581 0.035944444444444494
2 0.6782135416666667 0.25217592592592597 0.008432291666666696 0.03278703703703701
2 0.6657604166666666 0.246212962962963 0.008291666666666704 0.028083333333333346
3 0.5200833333333333 0.24446296296296294 0.00944270833333339 0.035166666666666686