2 0.6528645833333333 0.6296296296296297 0.0140625 0.053703703703703705
2 0.33098958333333334 0.587037037037037 0.015104166666666667 0.05
2 0.5236979166666667 0.36944444444444446 0.0109375 0.044444444444444446
2 0.4114583333333333 0.5259259259259259 0.011458333333333333 0.046296296296296294
2 0.39817708333333335 0.48518518518518516 0.0140625 0.04814814814814815
2 0.2518229166666667 0.5472222222222223 0.016145833333333335 0.05
1 0.9182291666666667 0.38657407407407407 0.010416666666666666 0.05092592592592592
2 0.25416666666666665 0.4587962962962963 0.009375 0.04722222222222222
2 0.6635416666666667 0.37083333333333335 0.011458333333333333 0.04537037037037037
2 0.2713541666666667 0.3416666666666667 0.009375 0.04259259259259259
2 0.48671875 0.3773148148148148 0.009895833333333333 0.041666666666666664
2 0.49713541666666666 0.3347222222222222 0.0109375 0.041666666666666664
2 0.37213541666666666 0.2791666666666667 0.008854166666666666 0.03981481481481482
2 0.6997395833333333 0.49212962962962964 0.011979166666666667 0.049074074074074076
2 0.4510416666666667 0.23194444444444445 0.010416666666666666 0.03425925925925926
2 0.3424479166666667 0.2796296296296296 0.0109375 0.037037037037037035
2 0.4041666666666667 0.30185185185185187 0.009375 0.03518518518518519
2 0.43776041666666665 0.23472222222222222 0.009895833333333333 0.03611111111111111
2 0.378125 0.38842592592592595 0.010416666666666666 0.04722222222222222
2 0.5809895833333333 0.27870370370370373 0.008854166666666666 0.040740740740740744
2 0.41302083333333334 0.2851851851851852 0.009375 0.037037037037037035
3 0.38691145833333335 0.3960740740740741 0.008520833333333281 0.04351851851851852
0 0.47235937499999997 0.25247222222222226 0.0033854166666666668 0.0066296296296296