2 0.6671875 0.8601851851851852 0.023958333333333335 0.06481481481481481
2 0.2989583333333333 0.5310185185185186 0.015625 0.049074074074074076
2 0.7635416666666667 0.7523148148148148 0.025 0.058333333333333334
2 0.4830729166666667 0.7199074074074074 0.025520833333333333 0.05277777777777778
2 0.8078125 0.6194444444444445 0.016666666666666666 0.05555555555555555
2 0.49973958333333335 0.5287037037037037 0.016145833333333335 0.044444444444444446
2 0.6421875 0.4305555555555556 0.016666666666666666 0.04259259259259259
2 0.33645833333333336 0.4462962962962963 0.013541666666666667 0.053703703703703705
2 0.8270833333333333 0.4638888888888889 0.019791666666666666 0.05185185185185185
2 0.51015625 0.24027777777777778 0.0109375 0.03981481481481482
2 0.8127604166666667 0.36018518518518516 0.015104166666666667 0.044444444444444446
2 0.56953125 0.30324074074074076 0.013020833333333334 0.03981481481481482
2 0.6255208333333333 0.32083333333333336 0.013541666666666667 0.041666666666666664
2 0.6395833333333333 0.49027777777777776 0.017708333333333333 0.049074074074074076
1 0.10416666666666667 0.36342592592592593 0.014583333333333334 0.05092592592592592
2 0.5026041666666666 0.41712962962962963 0.015625 0.041666666666666664
2 0.42213541666666665 0.3990740740740741 0.0171875 0.046296296296296294
2 0.3385416666666667 0.34675925925925927 0.009375 0.04722222222222222
2 0.7598958333333333 0.22962962962962963 0.011458333333333333 0.040740740740740744
2 0.8002604166666667 0.26064814814814813 0.0109375 0.03796296296296296
3 0.5494791666666666 0.924537037037037 0.011458333333333333 0.06944444444444445
2 0.44166666666666665 0.40694444444444444 0.0125 0.04537037037037037
3 0.78125 0.9591018518518518 0.01875 0.075
3 0.4451354166666667 0.42089814814814813 0.013437499999999976 0.044277777777777826
0 0.48825520833333336 0.734212962962963 0.0049895833333332956 0.010398148148148165