2 0.8846354166666667 0.6236111111111111 0.021354166666666667 0.05648148148148148
2 0.6565104166666667 0.39305555555555555 0.0140625 0.04537037037037037
2 0.3859375 0.49444444444444446 0.015625 0.05185185185185185
2 0.6424479166666667 0.6194444444444445 0.018229166666666668 0.05185185185185185
2 0.4 0.6800925925925926 0.013541666666666667 0.05277777777777778
2 0.26796875 0.5597222222222222 0.013020833333333334 0.05092592592592592
2 0.15442708333333333 0.4310185185185185 0.0140625 0.049074074074074076
2 0.4197916666666667 0.2625 0.010416666666666666 0.03796296296296296
2 0.5885416666666666 0.3421296296296296 0.014583333333333334 0.041666666666666664
2 0.5565104166666667 0.28888888888888886 0.011979166666666667 0.03888888888888889
2 0.7419270833333333 0.47824074074074074 0.0109375 0.04537037037037037
2 0.6940104166666666 0.5296296296296297 0.011979166666666667 0.05
2 0.7916666666666666 0.5527777777777778 0.014583333333333334 0.04814814814814815
2 0.8125 0.6069444444444444 0.016666666666666666 0.05277777777777778
2 0.48802083333333335 0.3787037037037037 0.013541666666666667 0.04259259259259259
2 0.4041666666666667 0.5657407407407408 0.009375 0.05
2 0.2869791666666667 0.3013888888888889 0.010416666666666666 0.041666666666666664
2 0.84609375 0.5597222222222222 0.0109375 0.05462962962962963
3 0.4973958333333333 0.4981481481481482 0.010416666666666666 0.04814814814814815
2 0.5299479166666666 0.4361111111111111 0.0078125 0.046296296296296294
1 0.76484375 0.3074074074074074 0.011979166666666667 0.04259259259259259
2 0.5067708333333333 0.37083333333333335 0.008333333333333333 0.041666666666666664
0 0.9485208333333334 0.5818425925925926 0.005322916666666563 0.008796296296296297