2 0.6682291666666667 0.5388888888888889 0.015625 0.06851851851851852
4 0.7559895833333333 0.9081759259259259 0.0234375 0.0824074074074073
2 0.46588541666666666 0.4388888888888889 0.013020833333333334 0.05740740740740741
2 0.7755208333333333 0.33796296296296297 0.011458333333333333 0.05925925925925926
2 0.26953125 0.4393518518518518 0.0171875 0.062037037037037036
4 0.3980052083333333 0.7800740740740741 0.0265625 0.0712962962962963
4 0.29635416666666664 0.7199074074074074 0.013541666666666667 0.06944444444444445
4 0.24973958333333332 0.7236111111111111 0.015104166666666667 0.0712962962962963
4 0.18567708333333333 0.6925925925925925 0.022395833333333334 0.07407407407407407
2 0.109375 0.6125 0.015625 0.06574074074074074
4 0.37421875 0.7694444444444445 0.018229166666666668 0.06851851851851852
2 0.721875 0.30648148148148147 0.009375 0.05555555555555555
2 0.4627604166666667 0.3023148148148148 0.009895833333333333 0.05648148148148148
2 0.0609375 0.5912037037037037 0.014583333333333334 0.0712962962962963
2 0.5505208333333333 0.337037037037037 0.010416666666666666 0.05555555555555555
0 0.08811458333333334 0.6141574074074073 0.0052343750000000055 0.010759259259259158
3 0.53725 0.34343518518518523 0.01047395833333334 0.05579629629629629
2 0.5079010416666666 0.31378703703703703 0.013270833333333343 0.05557407407407406
1 0.5096302083333334 0.29314814814814816 0.011322916666666672 0.05344444444444447
2 0.52965625 0.2315648148148148 0.01231770833333338 0.049944444444444444
2 0.541921875 0.22662962962962963 0.008437499999999905 0.05040740740740743
2 0.50421875 0.23167592592592595 0.010057291666666638 0.04793518518518519
2 0.5121249999999999 0.2488611111111111 0.010281250000000004 0.052037037037037055
2 0.5639947916666667 0.2840555555555555 0.01036458333333338 0.053722222222222206
2 0.5757916666666667 0.2666481481481482 0.00944270833333339 0.055851851851851896
2 0.5918645833333334 0.2711851851851852 0.008765624999999963 0.057527777777777775
2 0.6026718750000001 0.2835462962962963 0.006286458333333419 0.06010185185185182
2 0.6099791666666667 0.2880740740740741 0.011093750000000095 0.05732407407407404
2 0.523515625 0.3404074074074074 0.011255208333333282 0.06006481481481482