2 0.62421875 0.8555555555555555 0.0234375 0.06111111111111111
2 0.5661458333333333 0.5601851851851852 0.017708333333333333 0.040740740740740744
2 0.51953125 0.6074074074074074 0.015104166666666667 0.044444444444444446
2 0.40130208333333334 0.5393518518518519 0.011979166666666667 0.04537037037037037
2 0.53359375 0.5305555555555556 0.0109375 0.044444444444444446
2 0.7153645833333333 0.4898148148148148 0.009895833333333333 0.040740740740740744
2 0.7677083333333333 0.4476851851851852 0.009375 0.03981481481481482
2 0.6307291666666667 0.37175925925925923 0.0125 0.03611111111111111
2 0.8151041666666666 0.6648148148148149 0.011458333333333333 0.04814814814814815
2 0.7895833333333333 0.4217592592592593 0.010416666666666666 0.03796296296296296
2 0.75234375 0.3537037037037037 0.009895833333333333 0.03518518518518519
2 0.6450520833333333 0.4837962962962963 0.009895833333333333 0.03611111111111111
2 0.5984375 0.42453703703703705 0.010416666666666666 0.03796296296296296
2 0.4388020833333333 0.3736111111111111 0.0109375 0.03611111111111111
4 0.3854166666666667 0.9305555555555556 0.0125 0.06111111111111111
2 0.6588541666666666 0.4513888888888889 0.009375 0.03611111111111111
2 0.42265625 0.500462962962963 0.009895833333333333 0.03981481481481482
2 0.5734375 0.4222222222222222 0.010416666666666666 0.03333333333333333
4 0.5333333333333333 0.9100277777777778 0.01875 0.06018518518518518
2 0.6375 0.2847222222222222 0.010416666666666666 0.03425925925925926
3 0.5453125 0.4859537037037037 0.010416666666666666 0.03796296296296296
2 0.4244791666666667 0.3726851851851852 0.009375 0.03425925925925926
2 0.41302083333333334 0.45925925925925926 0.009375 0.044444444444444446
1 0.9932291666666667 0.4393518518518518 0.010416666666666666 0.041666666666666664
0 0.8032291666666667 0.6912499999999999 0.00436458333333339 0.00904629629629628