2 0.2984375 0.6902777777777778 0.010416666666666666 0.05277777777777778
3 0.8641510416666667 0.9115740740740741 0.0171875 0.05462962962962963
2 0.5057291666666667 0.6180555555555556 0.015625 0.05277777777777778
2 0.3265625 0.5893518518518519 0.010416666666666666 0.05277777777777778
2 0.6888020833333334 0.6263888888888889 0.008854166666666666 0.05648148148148148
2 0.603125 0.6638888888888889 0.01875 0.05
3 0.4513020833333333 0.5365740740740741 0.0109375 0.05092592592592592
2 0.4640625 0.475 0.0125 0.04814814814814815
2 0.5083333333333333 0.7560185185185185 0.010416666666666666 0.062037037037037036
2 0.5072916666666667 0.6851851851851852 0.011458333333333333 0.05925925925925926
2 0.84375 0.5504629629629629 0.010416666666666666 0.04722222222222222
2 0.6440104166666667 0.40046296296296297 0.011979166666666667 0.04351851851851852
2 0.35703125 0.47638888888888886 0.008854166666666666 0.04537037037037037
2 0.3341145833333333 0.5268518518518519 0.008854166666666666 0.05
2 0.6776041666666667 0.7583333333333333 0.009375 0.05555555555555555
2 0.6252604166666667 0.2833333333333333 0.009895833333333333 0.037037037037037035
1 0.06015625 0.4101851851851852 0.011979166666666667 0.044444444444444446
2 0.27890625 0.6986111111111111 0.009895833333333333 0.05462962962962963
2 0.4440104166666667 0.6861111111111111 0.013020833333333334 0.05
2 0.7424479166666667 0.39444444444444443 0.008854166666666666 0.044444444444444446
4 0.728125 0.9175925925925926 0.013541666666666667 0.05925925925925926
2 0.5651041666666666 0.8435185185185186 0.014583333333333334 0.05925925925925926
2 0.4 0.3138888888888889 0.007291666666666667 0.03888888888888889
3 0.6736979166666667 0.9212962962962963 0.013020833333333334 0.05740740740740741
2 0.43072916666666666 0.2800925925925926 0.008333333333333333 0.03981481481481482
4 0.49166666666666664 0.8875 0.013541666666666667 0.062037037037037036
0 0.5966927083333334 0.6808611111111111 0.004682291666666553 0.008259259259259327