2 0.2830729166666667 0.4810185185185185 0.015104166666666667 0.03981481481481482
3 0.5041666666666667 0.45787037037037037 0.015625 0.03425925925925926
3 0.9322916666666666 0.8518518518518519 0.01875 0.053703703703703705
2 0.3541666666666667 0.44537037037037036 0.017708333333333333 0.03888888888888889
2 0.8390625 0.5782407407407407 0.015625 0.05092592592592592
2 0.3953125 0.5814814814814815 0.01875 0.044444444444444446
2 0.7489583333333333 0.7097222222222223 0.011458333333333333 0.049074074074074076
2 0.3536458333333333 0.350462962962963 0.010416666666666666 0.03425925925925926
2 0.38385416666666666 0.3768518518518518 0.01875 0.03333333333333333
2 0.5817708333333333 0.6282407407407408 0.008333333333333333 0.049074074074074076
2 0.4734375 0.40046296296296297 0.011458333333333333 0.03611111111111111
2 0.3729166666666667 0.5453703703703704 0.01875 0.040740740740740744
1 0.13550520833333335 0.39012037037037034 0.013020833333333334 0.03888888888888889
2 0.6471354166666666 0.36574074074074076 0.0109375 0.037037037037037035
2 0.42578125 0.3013888888888889 0.013020833333333334 0.03425925925925926
2 0.54140625 0.4824074074074074 0.0109375 0.037037037037037035
2 0.7026041666666667 0.39351851851851855 0.008333333333333333 0.04259259259259259
4 0.7536458333333333 0.8550925925925926 0.010416666666666666 0.05277777777777778
2 0.6924479166666667 0.3189814814814815 0.009895833333333333 0.03611111111111111
2 0.5427083333333333 0.20416666666666666 0.008333333333333333 0.026851851851851852
2 0.6546875 0.6884259259259259 0.009375 0.049074074074074076
4 0.5270833333333333 0.8305555555555556 0.010416666666666666 0.05740740740740741
2 0.8588541666666667 0.47129629629629627 0.010416666666666666 0.04259259259259259
0 0.233375 0.4610277777777778 0.004536458333333352 0.008222222222222218
2 0.6557604166666666 0.4700185185185185 0.010140624999999896 0.038064814814814774
2 0.6632760416666666 0.45039814814814816 0.016312500000000084 0.04056481481481487