1 0.07526041666666666 0.4009259259259259 0.019270833333333334 0.04259259259259259
2 0.33645833333333336 0.48194444444444445 0.017708333333333333 0.04351851851851852
2 0.5736979166666667 0.2986111111111111 0.016145833333333335 0.03611111111111111
2 0.39609375 0.36203703703703705 0.0140625 0.04259259259259259
3 0.5 0.3984537037037037 0.013541666666666667 0.04259259259259259
2 0.5434895833333333 0.42777777777777776 0.011979166666666667 0.037037037037037035
2 0.7513020833333334 0.3476851851851852 0.0109375 0.03796296296296296
2 0.76953125 0.5083333333333333 0.013020833333333334 0.040740740740740744
2 0.4046875 0.40879629629629627 0.017708333333333333 0.05277777777777778
2 0.37161458333333336 0.35 0.009895833333333333 0.040740740740740744
2 0.33619791666666665 0.5546296296296296 0.011979166666666667 0.044444444444444446
2 0.6604166666666667 0.5967592592592592 0.009375 0.049074074074074076
2 0.63828125 0.3055555555555556 0.009895833333333333 0.03333333333333333
2 0.79140625 0.3 0.0109375 0.03888888888888889
2 0.5432291666666667 0.37546296296296294 0.011458333333333333 0.03796296296296296
2 0.6877604166666667 0.2513888888888889 0.009895833333333333 0.03425925925925926
2 0.32369791666666664 0.5583333333333333 0.009895833333333333 0.04259259259259259
2 0.5888020833333333 0.25462962962962965 0.011979166666666667 0.037037037037037035
2 0.5140625 0.2388888888888889 0.009375 0.03518518518518519
4 0.5278645833333333 0.9402777777777778 0.013020833333333334 0.062037037037037036
3 0.42682291666666666 0.20462962962962963 0.013020833333333334 0.03518518518518519
2 0.5283854166666667 0.23194444444444445 0.0078125 0.03611111111111111
2 0.717796875 0.2326851851851852 0.007427083333333447 0.029916666666666696
0 0.7276614583333333 0.24930555555555556 0.003302083333333409 0.006268518518518501