3 0.7299479166666667 0.8055555555555556 0.022395833333333334 0.053703703703703705
2 0.6296875 0.5310185185185186 0.009375 0.041666666666666664
2 0.2713541666666667 0.6773148148148148 0.011458333333333333 0.05277777777777778
2 0.45677083333333335 0.5305555555555556 0.009375 0.04814814814814815
2 0.24348958333333334 0.487962962962963 0.0109375 0.046296296296296294
2 0.4981770833333333 0.2851851851851852 0.009895833333333333 0.03148148148148148
2 0.15286458333333333 0.49537037037037035 0.009895833333333333 0.04814814814814815
2 0.5903645833333333 0.600462962962963 0.013020833333333334 0.049074074074074076
4 0.4034739583333333 0.875462962962963 0.013541666666666667 0.05648148148148148
2 0.5494791666666666 0.3449074074074074 0.008333333333333333 0.04351851851851852
2 0.5890625 0.41759259259259257 0.010416666666666666 0.040740740740740744
3 0.2916666666666667 0.8972222222222223 0.0125 0.05740740740740741
2 0.3841145833333333 0.2671296296296296 0.008854166666666666 0.03981481481481482
2 0.40234375 0.4074074074074074 0.0109375 0.04814814814814815
3 0.45625 0.3351851851851852 0.008333333333333333 0.040740740740740744
2 0.28359375 0.37546296296296294 0.009895833333333333 0.041666666666666664
2 0.2864583333333333 0.2537037037037037 0.011458333333333333 0.03518518518518519
2 0.35859375 0.4583333333333333 0.008854166666666666 0.03888888888888889
1 0.8228281249999999 0.3611111111111111 0.0078125 0.040740740740740744
2 0.26927083333333335 0.34074074074074073 0.011458333333333333 0.03888888888888889
2 0.41875 0.3523148148148148 0.010416666666666666 0.03981481481481482
3 0.17265625 0.20277777777777778 0.008854166666666666 0.03518518518518519
2 0.6013020833333333 0.4287037037037037 0.008854166666666666 0.04259259259259259
2 0.22365625 0.37580555555555556 0.008968750000000015 0.038824074074074025
0 0.2900625 0.3541574074074074 0.003109375000000014 0.0063703703703703665
2 0.40504166666666663 0.3492962962962963 0.006921874999999981 0.04437962962962958
2 0.453609375 0.28964814814814815 0.00888020833333331 0.03190740740740744