2 0.35052083333333334 0.6449074074074074 0.015625 0.05648148148148148
2 0.54296875 0.5875 0.015104166666666667 0.05277777777777778
2 0.32473958333333336 0.5194444444444445 0.016145833333333335 0.05925925925925926
2 0.50234375 0.3013888888888889 0.013020833333333334 0.04351851851851852
2 0.6703125 0.48657407407407405 0.013541666666666667 0.04722222222222222
2 0.5057291666666667 0.7393518518518518 0.019791666666666666 0.05648148148148148
2 0.559375 0.5101851851851852 0.010416666666666666 0.05
3 0.8291666666666667 0.8851851851851852 0.014583333333333334 0.06111111111111111
2 0.7369791666666666 0.587037037037037 0.0125 0.05
2 0.7307291666666667 0.5300925925925926 0.011458333333333333 0.05092592592592592
2 0.684375 0.32175925925925924 0.010416666666666666 0.041666666666666664
2 0.3494791666666667 0.3277777777777778 0.011458333333333333 0.044444444444444446
2 0.45364583333333336 0.48657407407407405 0.015625 0.04722222222222222
2 0.62109375 0.4185185185185185 0.011979166666666667 0.05
2 0.69453125 0.4444444444444444 0.0109375 0.04814814814814815
4 0.53515625 0.9185185185185185 0.018229166666666668 0.06111111111111111
3 0.5389739583333333 0.42685185185185187 0.009895833333333333 0.04814814814814815
2 0.45677083333333335 0.21388888888888888 0.011458333333333333 0.04259259259259259
4 0.329859375 0.925 0.014583333333333334 0.06666666666666667
2 0.47213541666666664 0.5675925925925925 0.0109375 0.053703703703703705
2 0.32421875 0.3125 0.015104166666666667 0.03981481481481482
3 0.4549479166666667 0.9212962962962963 0.009895833333333333 0.06296296296296296
2 0.3984375 0.4111111111111111 0.008333333333333333 0.040740740740740744
2 0.5580729166666667 0.41759259259259257 0.013020833333333334 0.046296296296296294
2 0.6369791666666667 0.1884259259259259 0.010416666666666666 0.032407407407407406
3 0.45957291666666666 0.5041574074074074 0.0036197916666666904 0.00787037037037037