2 0.19114583333333332 0.6421296296296296 0.017708333333333333 0.06759259259259259
2 0.17526041666666667 0.4898148148148148 0.015104166666666667 0.06296296296296296
2 0.48151041666666666 0.6777777777777778 0.0140625 0.06851851851851852
2 0.5364583333333334 0.5976851851851852 0.015625 0.0712962962962963
2 0.01796875 0.5541666666666667 0.016145833333333335 0.062037037037037036
2 0.37005208333333334 0.33564814814814814 0.0109375 0.05648148148148148
2 0.6299479166666667 0.4148148148148148 0.013020833333333334 0.06111111111111111
3 0.45416666666666666 0.4773148148148148 0.011458333333333333 0.06018518518518518
1 0.6927083333333334 0.4736111111111111 0.013541666666666667 0.06388888888888888
2 0.5013020833333334 0.5226851851851851 0.0109375 0.058333333333333334
2 0.5713541666666667 0.4986296296296296 0.017708333333333333 0.06574074074074074
2 0.6231770833333333 0.5162037037037037 0.0171875 0.06388888888888888
2 0.5213541666666667 0.5231481481481481 0.013541666666666667 0.06296296296296296
2 0.5518229166666667 0.4912037037037037 0.0140625 0.06018518518518518
2 0.47986979166666666 0.3579259259259259 0.009942708333333291 0.0518240740740741
2 0.3350104166666667 0.4781851851851852 0.014307291666666682 0.06298148148148146
2 0.3908229166666667 0.4181388888888889 0.01165104166666661 0.05214814814814819
2 0.5810989583333334 0.43744444444444447 0.012796875000000086 0.06005555555555557
2 0.5919166666666666 0.4808148148148148 0.010557291666666658 0.059212962962963
2 0.5903697916666667 0.5854814814814815 0.014572916666666677 0.059972222222222205
2 0.6076666666666667 0.5377222222222222 0.011072916666666781 0.0646666666666666
2 0.5997760416666666 0.5270185185185184 0.010536458333333342 0.06583333333333324
0 0.44071875 0.23928703703703705 0.004057291666666647 0.007750000000000004