1 0.0421875 0.080078125 0.02734375 0.09921875
1 0.13828125 0.29140625 0.03125 0.1015625
1 0.38515625 0.34921875 0.053125 0.11484375
1 0.429296875 0.2734375 0.0296875 0.12265625
1 0.5078125 0.20078125 0.03125 0.12109375
1 0.5671875 0.36875 0.02734375 0.09765625
1 0.558203125 0.44609375 0.02421875 0.0921875
1 0.575 0.45703125 0.02265625 0.06875
1 0.571875 0.49921875 0.0203125 0.08125
1 0.56171875 0.534765625 0.03515625 0.1234375
1 0.565625 0.586328125 0.0265625 0.125
1 0.77109375 0.274609375 0.025 0.12265625
1 0.53671875 0.5046875 0.0296875 0.12109375
1 0.5375 0.552734375 0.0296875 0.1328125
1 0.503125 0.531640625 0.028125 0.115625
1 0.464453125 0.517578125 0.0296875 0.1234375
1 0.505078125 0.6875 0.03515625 0.1296875
1 0.38828125 0.713671875 0.0296875 0.11875
1 0.303125 0.679296875 0.03046875 0.1359375
1 0.39453125 0.846484375 0.034375 0.11015625