1 0.3515625 0.0125 0.028125 0.01640625
1 0.088671875 0.15859375 0.028125 0.10390625
1 0.116796875 0.249609375 0.02734375 0.10859375
1 0.32421875 0.746875 0.03125 0.14453125
1 0.50859375 0.785546875 0.03046875 0.14921875
1 0.534765625 0.823046875 0.0359375 0.1125
1 0.44296875 0.902734375 0.0625 0.1671875
1 0.51796875 0.373046875 0.0296875 0.12421875
1 0.53671875 0.41640625 0.0265625 0.11640625
1 0.550390625 0.424609375 0.02734375 0.11328125
1 0.559375 0.526953125 0.03359375 0.12421875
1 0.457421875 0.407421875 0.0359375 0.1234375
1 0.47734375 0.4875 0.03125 0.12890625
1 0.5 0.528125 0.03125 0.1296875
1 0.526953125 0.570703125 0.03359375 0.12578125
1 0.52890625 0.533203125 0.03515625 0.1296875
1 0.750390625 0.409375 0.034375 0.121875
1 0.78984375 0.30703125 0.03203125 0.121875