1 0.80234375 0.812890625 0.0375 0.1484375
1 0.539453125 0.6484375 0.03515625 0.1515625
1 0.50625 0.738671875 0.04296875 0.15703125
1 0.3921875 0.709375 0.0375 0.15859375
1 0.373046875 0.699609375 0.0234375 0.15390625
1 0.33203125 0.648828125 0.02734375 0.16953125
1 0.33984375 0.809375 0.03359375 0.1671875
1 0.380859375 0.815625 0.03828125 0.16015625
1 0.37578125 0.87109375 0.0328125 0.16875
1 0.368359375 0.91484375 0.04609375 0.1703125
1 0.338671875 0.944921875 0.04765625 0.11015625
1 0.27421875 0.8703125 0.04453125 0.1703125
1 0.23046875 0.894921875 0.0359375 0.165625
1 0.257421875 0.9390625 0.04140625 0.121875
1 0.195703125 0.99765625 0.04765625 0.0046875
0 0.9609375 0.57265625 0.01171875 0.021875