1 0.528125 0.332421875 0.04296875 0.0984375
1 0.701171875 0.591015625 0.03671875 0.1015625
1 0.67734375 0.687890625 0.0359375 0.13125
1 0.9390625 0.3390625 0.03125 0.09375
1 0.284375 0.60078125 0.04296875 0.11640625
1 0.76484375 0.530859375 0.0375 0.10703125
1 0.694140625 0.10078125 0.034375 0.08984375
1 0.88828125 0.228515625 0.02890625 0.08125
1 0.1515625 0.066015625 0.0265625 0.08125
1 0.946875 0.54140625 0.03046875 0.10390625
1 0.249609375 0.266015625 0.02734375 0.10546875
0 0.230859375 0.3390625 0.0140625 0.02265625