1 0.675 0.59140625 0.02890625 0.11484375
1 0.81015625 0.74453125 0.0421875 0.13125
1 0.31328125 0.638671875 0.0296875 0.11484375
1 0.52109375 0.25859375 0.02578125 0.09765625
1 0.79140625 0.422265625 0.0265625 0.09140625
1 0.21640625 0.178515625 0.02890625 0.1015625
1 0.7984375 0.48984375 0.03046875 0.10625
1 0.644921875 0.7890625 0.0359375 0.12734375
1 0.264453125 0.40078125 0.02734375 0.10234375
1 0.937109375 0.230859375 0.02890625 0.10625
1 0.30546875 0.451953125 0.03046875 0.11953125
1 0.656640625 0.73046875 0.03359375 0.1109375
0 0.277734375 0.44140625 0.01015625 0.0203125