1 0.60546875 0.83203125 0.03515625 0.10390625
1 0.661328125 0.66796875 0.0296875 0.09765625
1 0.23828125 0.633984375 0.0296875 0.0984375
1 0.70078125 0.769921875 0.02890625 0.103125
1 0.1703125 0.326953125 0.025 0.0890625
1 0.9765625 0.70859375 0.03203125 0.1015625
1 0.515234375 0.48046875 0.046875 0.0859375
1 0.8875 0.76796875 0.02734375 0.0984375
1 0.173828125 0.548828125 0.03125 0.090625
1 0.741796875 0.604296875 0.02890625 0.09140625
1 0.47890625 0.55 0.03125 0.09609375
1 0.558984375 0.43984375 0.02890625 0.09375
1 0.871875 0.415234375 0.0375 0.08359375
1 0.930078125 0.13359375 0.0234375 0.0796875
1 0.748046875 0.5890625 0.0234375 0.08125
0 0.533203125 0.5234375 0.009375 0.015625
0 0.1890625 0.06015625 0.01015625 0.0140625