1 0.48359375 0.807421875 0.03125 0.11796875
1 0.894921875 0.378125 0.025 0.0953125
1 0.22109375 0.57421875 0.03828125 0.09375
1 0.009375 0.72578125 0.01875 0.11875
1 0.4203125 0.625390625 0.03046875 0.103125
1 0.29375 0.555859375 0.0359375 0.09453125
1 0.634375 0.80390625 0.03359375 0.1125
1 0.455078125 0.425390625 0.0265625 0.09609375
1 0.05546875 0.922265625 0.0359375 0.1109375
1 0.03671875 0.3875 0.0265625 0.09609375
1 0.55625 0.590234375 0.04140625 0.0890625
1 0.03515625 0.01484375 0.01875 0.0296875
1 0.109765625 0.880859375 0.03125 0.08984375
1 0.1125 0.78046875 0.0375 0.11171875
1 0.18125 0.735546875 0.028125 0.09375
1 0.18671875 0.775390625 0.0265625 0.1078125
1 0.54296875 0.554296875 0.03359375 0.08515625
0 0.4828125 0.587890625 0.01484375 0.015625
0 0.99765625 0.311328125 0.0046875 0.01796875