1 0.628515625 0.5796875 0.0484375 0.1015625
1 0.323046875 0.840625 0.03984375 0.13203125
1 0.5921875 0.796875 0.0421875 0.1203125
1 0.439453125 0.34375 0.02890625 0.10390625
1 0.255859375 0.733203125 0.0359375 0.1234375
1 0.803125 0.24453125 0.03203125 0.096875
1 0.478515625 0.536328125 0.03984375 0.12421875
1 0.3421875 0.5859375 0.03359375 0.10625
1 0.47578125 0.62890625 0.03828125 0.115625
1 0.007421875 0.372265625 0.01484375 0.09609375
1 0.926953125 0.645703125 0.04296875 0.1203125
1 0.689453125 0.56796875 0.03671875 0.11015625
1 0.769921875 0.421875 0.0421875 0.09375
1 0.517578125 0.77109375 0.03828125 0.11640625
1 0.882421875 0.656640625 0.0375 0.121875
0 0.766015625 0.51171875 0.01328125 0.02578125
0 0.87890625 0.137109375 0.01015625 0.01640625