1 0.5984375 0.977734375 0.03515625 0.03203125
1 0.73671875 0.922265625 0.04375 0.1140625
1 0.243359375 0.80859375 0.0359375 0.103125
1 0.997265625 0.599609375 0.00546875 0.08359375
1 0.951171875 0.7890625 0.04140625 0.1078125
1 0.7125 0.482421875 0.04375 0.08984375
1 0.3609375 0.971484375 0.034375 0.05703125
1 0.955859375 0.71796875 0.04375 0.08671875
1 0.140625 0.43828125 0.0296875 0.075
1 0.777734375 0.514453125 0.046875 0.07265625
0 0.728125 0.5140625 0.01484375 0.021875
1 0.353125 0.917578125 0.03828125 0.08984375
0 0.08359375 0.24375 0.0140625 0.02265625