1 0.305859375 0.943359375 0.03671875 0.09609375
1 0.788671875 0.812890625 0.03046875 0.1015625
1 0.016015625 0.647265625 0.03203125 0.08359375
1 0.086328125 0.83046875 0.03515625 0.10625
1 0.306640625 0.51328125 0.0390625 0.08828125
1 0.68203125 0.976171875 0.0296875 0.04765625
1 0.077734375 0.759765625 0.03984375 0.08515625
1 0.87109375 0.440234375 0.025 0.07421875
1 0.244140625 0.548828125 0.04296875 0.07109375
0 0.29296875 0.545703125 0.0140625 0.02109375
1 0.685546875 0.9265625 0.03359375 0.08828125
0 0.918359375 0.24375 0.0125 0.021875