1 0.184375 0.68046875 0.0234375 0.0796875
1 0.51171875 0.986328125 0.040625 0.02734375
1 0.352734375 0.872265625 0.0296875 0.08203125
1 0.250390625 0.840625 0.021875 0.0859375
1 0.478125 0.600390625 0.021875 0.0890625
1 0.637109375 0.987890625 0.0203125 0.02421875
1 0.277734375 0.697265625 0.0234375 0.0734375
1 0.767578125 0.4734375 0.021875 0.0765625
1 0.668359375 0.72265625 0.02109375 0.090625
1 0.573828125 0.902734375 0.025 0.084375
1 0.529296875 0.896484375 0.02890625 0.075
1 0.522265625 0.607421875 0.028125 0.096875
0 0.503125 0.941015625 0.0109375 0.0203125
0 0.934375 0.562109375 0.0125 0.0109375