1 0.96171875 0.883984375 0.034375 0.1109375
1 0.334765625 0.98828125 0.02890625 0.0234375
1 0.383203125 0.946875 0.03359375 0.10625
1 0.28125 0.655859375 0.0265625 0.090625
1 0.228125 0.685546875 0.02734375 0.0984375
1 0.155859375 0.9359375 0.04453125 0.1078125
1 0.558203125 0.6296875 0.03671875 0.07890625
1 0.570703125 0.575390625 0.025 0.06953125
1 0.093359375 0.325 0.0265625 0.08515625
1 0.0234375 0.66796875 0.0390625 0.0828125
1 0.012109375 0.637890625 0.01796875 0.08515625
0 0.956640625 0.34765625 0.0125 0.01953125