1 0.9171875 0.92890625 0.0359375 0.11015625
1 0.29140625 0.978125 0.02890625 0.025
1 0.343359375 0.940625 0.0359375 0.10546875
1 0.267578125 0.645703125 0.02734375 0.08984375
1 0.212890625 0.670703125 0.028125 0.09765625
1 0.1203125 0.911328125 0.0453125 0.10703125
1 0.5421875 0.64375 0.03828125 0.07890625
1 0.558984375 0.59140625 0.02578125 0.06953125
1 0.111328125 0.30390625 0.028125 0.08515625
1 0.01640625 0.635546875 0.0328125 0.08203125
1 0.006640625 0.6046875 0.01328125 0.084375
0 0.958203125 0.400390625 0.0125 0.01953125