1 0.084765625 0.275390625 0.03046875 0.10625
1 0.273046875 0.252734375 0.0328125 0.10078125
1 0.29609375 0.259765625 0.03515625 0.10390625
1 0.23828125 0.556640625 0.0375 0.0921875
1 0.87734375 0.208203125 0.0296875 0.09453125
1 0.81015625 0.626171875 0.0359375 0.10859375
1 0.866015625 0.66015625 0.03828125 0.1046875
0 0.855078125 0.7203125 0.01640625 0.02109375
1 0.610546875 0.996484375 0.03203125 0.00703125
1 0.57890625 0.91875 0.03828125 0.1234375
1 0.558984375 0.855859375 0.03515625 0.1390625
1 0.416796875 0.93984375 0.034375 0.11796875
1 0.4375 0.9859375 0.040625 0.0265625
0 0.9734375 0.09609375 0.009375 0.01875