1 0.76015625 0.85390625 0.03515625 0.1125
1 0.59609375 0.6890625 0.03984375 0.08984375
1 0.55703125 0.63359375 0.03359375 0.10703125
1 0.43515625 0.65 0.03125 0.11171875
1 0.43515625 0.856640625 0.04921875 0.12421875
1 0.487890625 0.958203125 0.03984375 0.08359375
1 0.280078125 0.930078125 0.03359375 0.10625
1 0.123046875 0.875390625 0.040625 0.1203125
1 0.14296875 0.783203125 0.034375 0.08984375
1 0.125390625 0.661328125 0.03828125 0.103125
1 0.075390625 0.65625 0.04375 0.09453125
1 0.03984375 0.61796875 0.04296875 0.09375
0 0.765625 0.36875 0.01015625 0.015625