1 0.823046875 0.909375 0.0328125 0.103125
1 0.988671875 0.55625 0.02265625 0.09140625
1 0.865625 0.737890625 0.02578125 0.09140625
1 0.792578125 0.503125 0.025 0.08515625
1 0.669140625 0.7140625 0.0234375 0.0859375
1 0.630078125 0.686328125 0.0265625 0.0953125
1 0.481640625 0.49765625 0.0296875 0.08984375
1 0.3046875 0.487109375 0.0296875 0.0765625
1 0.306640625 0.634375 0.0265625 0.0953125
1 0.212890625 0.65234375 0.0296875 0.09609375
0 0.21171875 0.57421875 0.009375 0.01875
1 0.412109375 0.988671875 0.0234375 0.015625
1 0.407421875 0.868359375 0.02734375 0.0984375
1 0.45 0.87265625 0.0265625 0.0984375
0 0.29375 0.380078125 0.0109375 0.0171875