1 0.94609375 0.386328125 0.0390625 0.12265625
1 0.91875 0.395703125 0.04453125 0.1328125
1 0.9078125 0.633984375 0.03984375 0.12109375
1 0.7125 0.437890625 0.04453125 0.12421875
1 0.715234375 0.4078125 0.03203125 0.121875
1 0.38671875 0.378125 0.04453125 0.11953125
0 0.365625 0.219921875 0.01484375 0.0203125
1 0.42734375 0.63984375 0.06484375 0.1359375
1 0.488671875 0.8171875 0.0421875 0.1375
1 0.73125 0.7859375 0.04453125 0.14765625
1 0.70546875 0.7703125 0.03671875 0.1140625
1 0.4265625 0.879296875 0.05234375 0.18671875
1 0.23515625 0.748046875 0.0390625 0.1578125
0 0.222265625 0.68515625 0.0140625 0.0296875
0 0.339453125 0.10078125 0.0171875 0.0234375