1 0.035546875 0.327734375 0.025 0.09140625
1 0.069921875 0.591796875 0.0375 0.1078125
1 0.153515625 0.6859375 0.028125 0.0953125
1 0.31484375 0.40625 0.0296875 0.0984375
1 0.184765625 0.86484375 0.03515625 0.1109375
1 0.35078125 0.825 0.03203125 0.09921875
1 0.366015625 0.858984375 0.03984375 0.1125
1 0.733203125 0.430078125 0.02578125 0.09140625
0 0.72421875 0.473828125 0.01171875 0.02109375
1 0.848828125 0.334765625 0.02734375 0.0953125
1 0.854296875 0.738671875 0.04375 0.115625
1 0.8140625 0.8125 0.03203125 0.10859375
1 0.654296875 0.63671875 0.03671875 0.11015625
1 0.462109375 0.9671875 0.02734375 0.065625
1 0.441015625 0.964453125 0.03359375 0.07109375
0 0.984765625 0.3140625 0.0078125 0.01640625