1 0.888671875 0.4390625 0.02578125 0.08828125
1 0.891015625 0.600390625 0.028125 0.08359375
1 0.494921875 0.675 0.034375 0.0921875
1 0.690234375 0.728515625 0.03125 0.09453125
1 0.706640625 0.76796875 0.0296875 0.08828125
1 0.730859375 0.859375 0.0296875 0.09296875
1 0.652734375 0.89609375 0.03203125 0.09296875
1 0.438671875 0.7640625 0.040625 0.0953125
1 0.696875 0.9859375 0.025 0.028125
1 0.13359375 0.521484375 0.025 0.084375
1 0.109375 0.817578125 0.03515625 0.10390625
1 0.126953125 0.912890625 0.0359375 0.103125
0 0.085546875 0.3859375 0.01171875 0.01484375