1 0.91953125 0.419140625 0.02109375 0.0921875
1 0.933984375 0.58984375 0.0234375 0.0875
1 0.52109375 0.69765625 0.03046875 0.09609375
1 0.730859375 0.73984375 0.02578125 0.09921875
1 0.7515625 0.780859375 0.025 0.09296875
1 0.78359375 0.876171875 0.025 0.09765625
1 0.70390625 0.920703125 0.02734375 0.09765625
1 0.468359375 0.796484375 0.03671875 0.09921875
1 0.128125 0.5625 0.0203125 0.08828125
1 0.124609375 0.87734375 0.0296875 0.10859375
1 0.1515625 0.95859375 0.02890625 0.071875
0 0.067578125 0.42265625 0.01171875 0.01484375