0 0.10546875 0.976953125 0.0140625 0.01953125
1 0.91640625 0.40625 0.02890625 0.1125
1 0.884765625 0.45 0.03046875 0.09921875
1 0.93359375 0.9 0.03359375 0.12109375
1 0.72265625 0.76796875 0.034375 0.109375
1 0.7015625 0.440625 0.03203125 0.11875
1 0.613671875 0.300390625 0.02734375 0.10078125
1 0.23515625 0.200390625 0.02265625 0.103125
1 0.606640625 0.583203125 0.03046875 0.103125
1 0.519140625 0.523046875 0.03046875 0.1171875
1 0.4734375 0.528515625 0.0265625 0.09765625
1 0.403125 0.562890625 0.03046875 0.090625
1 0.3421875 0.962890625 0.04140625 0.065625
1 0.13984375 0.97109375 0.03984375 0.034375