1 0.3703125 0.95546875 0.034375 0.0890625
1 0.218359375 0.891015625 0.0484375 0.10546875
1 0.175390625 0.53515625 0.03125 0.09375
1 0.207421875 0.60234375 0.03203125 0.10546875
1 0.224609375 0.496484375 0.0296875 0.10390625
1 0.309765625 0.69296875 0.0359375 0.0796875
1 0.30078125 0.573828125 0.02890625 0.090625
1 0.299609375 0.3390625 0.0265625 0.09140625
1 0.3671875 0.487890625 0.02890625 0.09765625
1 0.4765625 0.555078125 0.0375 0.1078125
1 0.536328125 0.42578125 0.025 0.0875
1 0.630078125 0.43203125 0.03125 0.09765625
1 0.451171875 0.834765625 0.0453125 0.109375
1 0.6765625 0.71875 0.034375 0.09609375
1 0.675 0.6640625 0.02890625 0.06875
1 0.783203125 0.702734375 0.0296875 0.10546875
1 0.837890625 0.76875 0.0375 0.11484375
1 0.85546875 0.789453125 0.03046875 0.10234375