1 0.9859375 0.47109375 0.028125 0.1375
1 0.945703125 0.475 0.03671875 0.146875
1 0.838671875 0.46640625 0.03984375 0.14296875
1 0.76953125 0.523046875 0.04765625 0.14453125
1 0.773046875 0.45859375 0.0546875 0.09921875
1 0.686328125 0.576171875 0.03671875 0.140625
1 0.71015625 0.66484375 0.03203125 0.121875
1 0.530078125 0.75234375 0.06328125 0.1296875
1 0.5890625 0.508203125 0.05 0.15
1 0.54375 0.505859375 0.03984375 0.1375
1 0.483203125 0.425390625 0.03828125 0.1359375
1 0.514453125 0.26875 0.04375 0.121875
1 0.58046875 0.15 0.05390625 0.11328125
1 0.770703125 0.130078125 0.03828125 0.1234375
1 0.828125 0.082421875 0.0453125 0.12265625
1 0.0453125 0.115625 0.0375 0.11875
1 0.14140625 0.508203125 0.04375 0.1484375
1 0.222265625 0.544921875 0.0515625 0.13125