1 0.85234375 0.930078125 0.02109375 0.0765625
1 0.953125 0.96796875 0.01953125 0.0484375
1 0.966796875 0.95546875 0.01640625 0.07265625
1 0.95 0.608203125 0.01640625 0.065625
1 0.925390625 0.790234375 0.01796875 0.06796875
1 0.92265625 0.848828125 0.0171875 0.06484375
1 0.94296875 0.88515625 0.01484375 0.07265625
1 0.756640625 0.9578125 0.021875 0.07578125
1 0.76953125 0.8078125 0.01953125 0.0671875
1 0.718359375 0.854296875 0.0203125 0.06328125
1 0.667578125 0.887109375 0.01796875 0.0765625
1 0.294921875 0.815234375 0.02421875 0.06875
0 0.16875 0.901171875 0.01015625 0.01796875
0 0.286328125 0.649609375 0.0078125 0.0140625