1 0.955859375 0.612109375 0.02265625 0.0609375
1 0.93828125 0.785546875 0.01953125 0.06953125
1 0.933984375 0.846484375 0.01796875 0.05859375
1 0.93359375 0.88203125 0.0203125 0.03828125
1 0.939453125 0.923046875 0.02734375 0.0765625
1 0.950390625 0.96640625 0.01953125 0.0078125
1 0.971875 0.94375 0.02109375 0.04921875
1 0.99296875 0.9359375 0.0140625 0.0609375
1 0.74765625 0.816015625 0.02421875 0.0671875
1 0.74453125 0.857421875 0.0203125 0.059375
1 0.71953125 0.89765625 0.02109375 0.0734375
1 0.759375 0.974609375 0.028125 0.01875
1 0.3359375 0.86015625 0.01953125 0.0640625
0 0.22578125 0.926953125 0.00859375 0.01875
0 0.32578125 0.683984375 0.00703125 0.0109375