1 0.06484375 0.68359375 0.021875 0.05859375
1 0.105078125 0.851171875 0.021875 0.0703125
1 0.1203125 0.913671875 0.0203125 0.059375
1 0.089453125 0.9578125 0.01875 0.06640625
1 0.066015625 0.988671875 0.01640625 0.02265625
1 0.053515625 0.976171875 0.02109375 0.04765625
1 0.301953125 0.8484375 0.01796875 0.04140625
1 0.305859375 0.894140625 0.0203125 0.059375
1 0.338671875 0.934375 0.01953125 0.071875
1 0.70859375 0.83359375 0.021875 0.0703125
0 0.826171875 0.894140625 0.009375 0.0171875
0 0.695703125 0.668359375 0.00859375 0.0125