1 0.909375 0.984375 0.0234375 0.03125
1 0.934375 0.979296875 0.0203125 0.04140625
1 0.916015625 0.946484375 0.01796875 0.04453125
1 0.92578125 0.66328125 0.0171875 0.059375
1 0.885546875 0.83671875 0.01953125 0.0671875
1 0.883203125 0.8953125 0.01953125 0.0609375
1 0.697265625 0.924609375 0.021875 0.0671875
1 0.697265625 0.84609375 0.02109375 0.0671875
1 0.630078125 0.925 0.02265625 0.071875
1 0.3046875 0.8 0.015625 0.0546875
0 0.18203125 0.885546875 0.00859375 0.0140625
0 0.30859375 0.659375 0.00546875 0.0125