1 0.848828125 0.723046875 0.03203125 0.1078125
1 0.723828125 0.982421875 0.04296875 0.03515625
1 0.68125 0.983203125 0.0375 0.03359375
1 0.664453125 0.84921875 0.0390625 0.1171875
1 0.583203125 0.971875 0.04140625 0.05625
1 0.533984375 0.84921875 0.0421875 0.1171875
1 0.647265625 0.63359375 0.03515625 0.1125
1 0.793359375 0.623828125 0.04453125 0.11484375
0 0.79140625 0.667578125 0.01328125 0.02265625
1 0.763671875 0.488671875 0.0359375 0.096875
1 0.38359375 0.5359375 0.03671875 0.13671875
1 0.41171875 0.804296875 0.03203125 0.11640625
1 0.3046875 0.808203125 0.034375 0.11171875
1 0.23984375 0.854296875 0.03515625 0.10625