1 0.876953125 0.67421875 0.0703125 0.19453125
1 0.2953125 0.0734375 0.04296875 0.121875
1 0.312109375 0.102734375 0.04453125 0.16484375
1 0.380078125 0.101953125 0.0640625 0.16796875
1 0.469921875 0.1140625 0.0390625 0.15390625
1 0.484765625 0.08359375 0.05078125 0.16640625
1 0.59296875 0.074609375 0.0390625 0.14921875
1 0.629296875 0.081640625 0.03671875 0.16328125
1 0.6015625 0.001953125 0.0453125 0.00390625
1 0.694921875 0.075390625 0.04296875 0.15078125
1 0.7375 0.069921875 0.046875 0.13984375
1 0.78984375 0.07109375 0.0734375 0.1421875
1 0.916015625 0.058203125 0.05234375 0.11640625