1 0.15390625 0.731640625 0.0671875 0.18046875
1 0.674609375 0.03984375 0.04921875 0.0796875
1 0.67734375 0.070703125 0.0640625 0.14140625
1 0.61796875 0.084375 0.05703125 0.16796875
1 0.55234375 0.08203125 0.0640625 0.1640625
1 0.446875 0.0875 0.05078125 0.17109375
1 0.31015625 0.0921875 0.0828125 0.16015625
1 0.309765625 0.10390625 0.04375 0.17890625
1 0.22578125 0.027734375 0.04140625 0.0140625
1 0.2359375 0.1015625 0.040625 0.16171875
1 0.20078125 0.101953125 0.0625 0.15859375
1 0.14609375 0.105078125 0.0640625 0.15546875