1 0.024609375 0.967578125 0.03046875 0.06484375
1 0.078125 0.9875 0.025 0.025
1 0.141796875 0.826171875 0.02578125 0.08984375
1 0.155078125 0.872265625 0.0328125 0.09140625
1 0.176171875 0.930078125 0.034375 0.09140625
1 0.31875 0.98515625 0.0296875 0.0296875
1 0.201953125 0.632421875 0.025 0.0796875
0 0.386328125 0.6625 0.01328125 0.02265625
1 0.362890625 0.757421875 0.021875 0.0859375
1 0.584765625 0.791796875 0.02421875 0.078125
1 0.609765625 0.805859375 0.0296875 0.08515625
1 0.760546875 0.71640625 0.025 0.08984375