1 0.946484375 0.6046875 0.02578125 0.10078125
1 0.909765625 0.742578125 0.03125 0.10078125
1 0.807421875 0.728515625 0.03203125 0.09375
1 0.752734375 0.866015625 0.02734375 0.11171875
1 0.618359375 0.608984375 0.03515625 0.09375
1 0.71015625 0.92109375 0.03125 0.11875
1 0.587890625 0.915234375 0.03359375 0.11171875
1 0.59921875 0.98046875 0.03125 0.0390625
1 0.475 0.804296875 0.028125 0.0984375
1 0.265625 0.528515625 0.01875 0.0890625
1 0.237890625 0.73984375 0.03125 0.1046875
0 0.34453125 0.82265625 0.01796875 0.025
1 0.24609375 0.86640625 0.03125 0.0984375
1 0.147265625 0.78359375 0.0375 0.109375