1 0.701953125 0.613671875 0.0421875 0.12890625
1 0.498046875 0.53125 0.03828125 0.13515625
1 0.5109375 0.82890625 0.046875 0.13046875
1 0.389453125 0.853515625 0.05546875 0.15546875
0 0.261328125 0.83828125 0.01796875 0.02265625
1 0.282421875 0.7015625 0.03984375 0.11953125
1 0.269140625 0.68046875 0.03671875 0.14140625
1 0.23671875 0.729296875 0.05 0.13984375
1 0.105859375 0.317578125 0.03671875 0.121875
1 0.137890625 0.823046875 0.05390625 0.09453125
1 0.094140625 0.806640625 0.04375 0.13046875
1 0.01640625 0.537109375 0.0328125 0.12734375