1 0.06328125 0.57421875 0.02734375 0.11640625
1 0.1875 0.567578125 0.0296875 0.12109375
1 0.230859375 0.69296875 0.02734375 0.1234375
1 0.282421875 0.5703125 0.03125 0.11640625
1 0.408984375 0.671484375 0.0296875 0.1125
1 0.43203125 0.66875 0.0296875 0.1078125
1 0.209765625 0.90625 0.0453125 0.11875
1 0.668359375 0.495703125 0.02890625 0.11484375
1 0.6453125 0.893359375 0.03125 0.12109375
1 0.69453125 0.89765625 0.03359375 0.1359375
1 0.68203125 0.937890625 0.02890625 0.11875
1 0.835546875 0.92109375 0.046875 0.12734375
0 0.846484375 0.905078125 0.01484375 0.03046875