1 0.003515625 0.383203125 0.00703125 0.11484375
1 0.195703125 0.394140625 0.0375 0.10625
1 0.034765625 0.640625 0.03203125 0.1265625
1 0.046875 0.57421875 0.03359375 0.1265625
1 0.140625 0.599609375 0.0296875 0.11015625
1 0.180859375 0.605078125 0.03125 0.14296875
0 0.1875 0.70625 0.0140625 0.02734375
1 0.069140625 0.894140625 0.03671875 0.13046875
1 0.21484375 0.79140625 0.03515625 0.13671875
1 0.255078125 0.7703125 0.034375 0.12421875
1 0.36328125 0.532421875 0.034375 0.11640625
1 0.40625 0.419140625 0.02734375 0.1140625
1 0.4046875 0.895703125 0.0375 0.14140625
1 0.59296875 0.878125 0.03671875 0.1328125
1 0.6390625 0.819140625 0.03359375 0.12890625
1 0.810546875 0.315234375 0.02734375 0.11875
1 0.84140625 0.806640625 0.04375 0.1265625