1 0.889453125 0.6609375 0.0390625 0.1390625
1 0.711328125 0.551953125 0.03515625 0.13203125
1 0.190625 0.980078125 0.059375 0.03984375
1 0.7953125 0.425390625 0.03828125 0.1203125
1 0.673828125 0.69453125 0.03359375 0.1375
1 0.87109375 0.757421875 0.03203125 0.12265625
1 0.59921875 0.741015625 0.04765625 0.13046875
1 0.6140625 0.92265625 0.03984375 0.1515625
1 0.0140625 0.840234375 0.01875 0.12265625
1 0.66484375 0.875390625 0.04375 0.13203125
1 0.236328125 0.5953125 0.07109375 0.11875
1 0.787890625 0.94453125 0.04765625 0.1015625
1 0.975 0.139453125 0.0359375 0.115625
0 0.149609375 0.61484375 0.0203125 0.02890625