1 0.363671875 0.96015625 0.04140625 0.0796875
1 0.44453125 0.70546875 0.0421875 0.1140625
1 0.075 0.926171875 0.0359375 0.0921875
1 0.530078125 0.887890625 0.02734375 0.0890625
1 0.81171875 0.958203125 0.0375 0.0359375
1 0.257421875 0.89921875 0.0375 0.10078125
1 0.2125 0.7296875 0.02734375 0.08828125
1 0.069140625 0.70703125 0.0328125 0.08125
1 0.80859375 0.773828125 0.040625 0.103125
1 0.040625 0.415234375 0.02421875 0.075
1 0.44375 0.67578125 0.02109375 0.04765625
1 0.22734375 0.74140625 0.03828125 0.08515625