1 0.57890625 0.45625 0.03515625 0.09296875
0 0.58828125 0.494921875 0.0171875 0.0265625
1 0.56015625 0.461328125 0.0296875 0.1
1 0.554296875 0.6984375 0.04921875 0.12421875
1 0.401953125 0.653515625 0.040625 0.12109375
1 0.405078125 0.535546875 0.04140625 0.1140625
1 0.235546875 0.544140625 0.04609375 0.1140625
1 0.2109375 0.928125 0.03984375 0.1078125
1 0.25390625 0.9578125 0.046875 0.05546875
1 0.165625 0.525 0.03359375 0.10078125
1 0.09296875 0.629296875 0.0375 0.1109375
1 0.12578125 0.722265625 0.04453125 0.11875