1 0.59140625 0.453515625 0.03203125 0.0859375
0 0.60546875 0.487890625 0.01640625 0.02421875
1 0.574609375 0.460546875 0.02734375 0.09296875
1 0.6 0.67890625 0.04609375 0.115625
1 0.454296875 0.657421875 0.0375 0.1125
1 0.441796875 0.548828125 0.0390625 0.10546875
1 0.287109375 0.578515625 0.04296875 0.10546875
1 0.313671875 0.94296875 0.03828125 0.1140625
1 0.358203125 0.964453125 0.04609375 0.07109375
1 0.2203125 0.569921875 0.03125 0.09296875
1 0.16640625 0.675390625 0.034375 0.10234375
1 0.20859375 0.755859375 0.0421875 0.11015625