1 0.8890625 0.9234375 0.0359375 0.1125
1 0.752734375 0.600390625 0.03203125 0.09765625
1 0.55546875 0.768359375 0.03359375 0.10234375
1 0.53984375 0.67109375 0.03125 0.09140625
1 0.461328125 0.841796875 0.03359375 0.10859375
1 0.021875 0.40234375 0.02578125 0.0890625
1 0.286328125 0.646484375 0.03203125 0.09765625
1 0.170703125 0.720703125 0.03203125 0.0953125
1 0.139453125 0.772265625 0.02890625 0.10234375
1 0.143359375 0.833203125 0.03203125 0.0953125
1 0.058984375 0.67734375 0.03125 0.0953125