1 0.31796875 0.5703125 0.0515625 0.1046875
1 0.354296875 0.572265625 0.05546875 0.11484375
1 0.437109375 0.5890625 0.04140625 0.11640625
1 0.32734375 0.919140625 0.0453125 0.1375
1 0.541015625 0.456640625 0.0359375 0.09921875
1 0.55 0.64921875 0.03984375 0.12265625
1 0.616796875 0.70859375 0.0375 0.12265625
1 0.63671875 0.916796875 0.0484375 0.1234375
1 0.790625 0.5640625 0.0359375 0.10625
1 0.89921875 0.644921875 0.0390625 0.1296875
1 0.909375 0.60390625 0.03515625 0.125
1 0.951171875 0.488671875 0.03828125 0.1109375
1 0.99296875 0.519921875 0.0140625 0.12265625