1 0.979296875 0.73046875 0.025 0.13515625
1 0.963671875 0.717578125 0.03046875 0.1265625
1 0.9359375 0.8265625 0.0421875 0.15
1 0.896484375 0.71796875 0.0375 0.12578125
1 0.855859375 0.71328125 0.034375 0.12578125
1 0.8375 0.80625 0.05078125 0.1625
1 0.791796875 0.7515625 0.04375 0.14453125
1 0.70078125 0.794921875 0.0359375 0.1453125
1 0.64375 0.928515625 0.053125 0.14296875
1 0.608203125 0.930859375 0.04140625 0.13828125
1 0.60859375 0.819921875 0.0375 0.14609375
1 0.585546875 0.837890625 0.046875 0.14453125
1 0.54296875 0.894140625 0.0515625 0.16953125
1 0.516015625 0.894921875 0.0328125 0.16328125
1 0.362890625 0.71484375 0.0421875 0.13671875
1 0.290234375 0.928125 0.0484375 0.125
1 0.271484375 0.918359375 0.04375 0.1421875