0 0.075 0.50859375 0.01953125 0.0328125
1 0.08828125 0.48671875 0.04765625 0.13359375
1 0.01640625 0.336328125 0.0328125 0.17890625
1 0.497265625 0.241796875 0.04296875 0.146875
1 0.5578125 0.10234375 0.03984375 0.12890625
1 0.294140625 0.05078125 0.021875 0.08203125
1 0.064453125 0.111328125 0.025 0.1171875
1 0.044140625 0.09921875 0.02734375 0.1296875
1 0.021484375 0.10703125 0.03125 0.12421875
1 0.13046875 0.04765625 0.0296875 0.059375
1 0.087109375 0.0546875 0.0265625 0.06796875
1 0.073828125 0.0453125 0.02578125 0.04765625