1 0.052734375 0.856640625 0.046875 0.1984375
0 0.343359375 0.954296875 0.02109375 0.02890625
1 0.453125 0.726171875 0.04296875 0.1625
1 0.696875 0.99140625 0.0515625 0.0171875
1 0.71796875 0.71953125 0.05234375 0.15703125
1 0.776953125 0.634375 0.05234375 0.1390625
1 0.59375 0.453515625 0.0421875 0.10703125
1 0.844921875 0.821875 0.03984375 0.1796875
1 0.858984375 0.823828125 0.03671875 0.1890625
1 0.876171875 0.839453125 0.0375 0.16875
1 0.882421875 0.851171875 0.0375 0.17265625
1 0.9703125 0.680859375 0.04296875 0.1578125