1 0.42734375 0.96328125 0.046875 0.0734375
1 0.40625 0.762109375 0.03984375 0.11640625
1 0.440234375 0.66015625 0.02890625 0.07109375
1 0.304296875 0.678515625 0.0265625 0.096875
1 0.266796875 0.711328125 0.02578125 0.1125
1 0.18515625 0.698828125 0.02578125 0.09765625
1 0.190625 0.6890625 0.028125 0.1046875
1 0.165234375 0.6921875 0.02421875 0.109375
1 0.1125 0.72109375 0.02734375 0.10703125
1 0.06875 0.72734375 0.02578125 0.1125
1 0.058203125 0.729296875 0.02109375 0.1
1 0.1328125 0.955859375 0.05 0.08828125
1 0.040625 0.858984375 0.034375 0.1375
1 0.019921875 0.740234375 0.02109375 0.11328125